# Number of items
60
# Stacking height
6
# Number of stacks
45
# Item name and Appearance
# (0 for I^{fix}, 1 for I^1, 2 for I^2)
   001     0
   002     0
   003     0
   004     0
   005     0
   006     0
   007     0
   008     0
   009     0
   010     0
   011     0
   012     0
   013     0
   014     0
   015     0
   016     0
   017     0
   018     0
   019     0
   020     0
   021     0
   022     1
   023     1
   024     1
   025     1
   026     1
   027     1
   028     1
   029     1
   030     1
   031     1
   032     1
   033     1
   034     1
   035     1
   036     1
   037     1
   038     1
   039     1
   040     1
   041     2
   042     2
   043     2
   044     2
   045     2
   046     2
   047     2
   048     2
   049     2
   050     2
   051     2
   052     2
   053     2
   054     2
   055     2
   056     2
   057     2
   058     2
   059     2
   060     2
# Positions of Ifix-items in the format (itemName, stack, level)
   001     4     3
   002     2     1
   003     3     1
   004     4     1
   005     1     2
   006     1     3
   007     2     2
   008     1     4
   009     7     2
   010     5     1
   011     5     2
   012     6     1
   013     1     5
   014     3     2
   015     7     1
   016     3     3
   017     2     3
   018     4     2
   019     6     2
   020     1     1
   021     2     4
# Stacking matrix
# Info: number of 1-entries = 959, density = 0.27
0 0 1 1 1 1 0 1 0 1 0 0 1 1 1 1 0 1 0 1 0 1 1 0 0 0 1 0 0 1 1 1 0 0 0 0 0 1 1 1 1 0 0 0 0 0 1 1 0 0 0 1 0 1 0 1 1 0 0 0 
0 0 1 0 1 1 0 1 0 1 0 0 1 1 1 1 0 0 0 1 0 1 1 0 0 0 1 0 0 1 1 1 0 1 0 0 0 1 0 1 1 0 0 0 0 0 1 1 0 0 0 1 0 1 0 1 1 0 0 0 
0 0 0 0 1 1 0 1 0 1 0 0 1 1 1 1 0 0 0 1 0 1 1 0 0 0 1 0 0 1 1 1 0 0 0 0 0 1 0 1 1 0 0 0 0 0 1 1 0 0 0 1 0 1 0 1 1 0 0 0 
0 0 0 0 0 0 0 0 0 0 0 0 0 0 0 0 0 0 0 0 0 0 0 0 0 0 0 0 0 0 0 0 0 0 0 0 0 0 1 0 0 0 0 0 0 0 0 0 0 0 0 0 0 0 0 0 0 0 0 0 
0 0 1 0 0 1 0 1 0 1 0 0 1 1 1 1 0 0 0 1 0 1 1 0 0 0 1 0 0 1 1 1 0 0 0 0 0 1 0 1 1 0 0 0 0 0 1 1 0 0 0 1 0 1 0 1 1 0 0 0 
0 0 1 0 1 0 0 1 0 1 0 0 1 1 1 1 0 0 0 1 0 1 1 0 0 0 1 0 0 1 1 1 0 0 0 0 0 1 0 1 1 0 0 0 0 0 1 1 0 0 0 1 0 1 0 1 1 0 0 0 
0 1 1 0 1 1 0 1 0 1 0 0 1 1 1 1 0 0 0 1 0 1 1 0 0 0 1 0 0 1 1 1 0 1 0 0 0 1 0 1 1 0 0 0 0 0 1 1 0 0 0 1 0 1 0 1 1 0 0 0 
0 0 1 0 1 1 0 0 0 1 0 0 1 1 1 1 0 0 0 1 0 1 1 0 0 0 1 0 0 1 1 1 0 0 0 0 0 1 0 1 1 0 0 0 0 0 1 1 0 0 0 1 0 1 0 1 1 0 0 0 
0 0 1 0 1 1 0 1 0 1 1 0 1 1 1 1 0 0 0 1 0 1 1 0 0 0 1 0 1 1 1 1 0 0 0 0 0 1 0 1 1 0 0 0 0 1 1 1 0 0 0 1 0 1 0 1 1 0 0 0 
0 0 0 0 0 0 0 0 0 0 0 0 0 0 0 0 0 0 0 0 0 0 0 0 0 0 0 0 0 0 0 0 0 0 0 0 0 0 0 0 0 0 0 0 0 0 0 0 0 0 0 0 0 0 0 1 0 0 0 0 
0 0 0 0 0 0 0 0 0 1 0 0 0 0 0 0 0 0 0 0 0 0 0 0 0 0 0 0 0 0 0 0 0 0 0 0 0 0 0 0 0 0 0 0 0 0 0 0 0 0 0 0 0 0 0 1 0 0 0 0 
1 0 1 1 1 1 0 1 0 1 0 0 1 1 1 1 0 1 0 1 0 1 1 0 0 0 1 0 0 1 1 1 0 0 0 1 0 1 1 1 1 0 1 0 0 0 1 1 0 0 0 1 0 1 0 1 1 0 0 0 
0 0 1 0 1 1 0 1 0 1 0 0 0 1 1 1 0 0 0 1 0 1 1 0 0 0 1 0 0 1 1 1 0 0 0 0 0 1 0 1 1 0 0 0 0 0 1 1 0 0 0 1 0 1 0 1 1 0 0 0 
0 0 1 0 1 1 0 1 0 1 0 0 1 0 1 1 0 0 0 1 0 1 1 0 0 0 1 0 0 1 1 1 0 0 0 0 0 1 0 1 1 0 0 0 0 0 1 1 0 0 0 1 0 1 0 1 1 0 0 0 
0 0 1 0 1 1 0 1 0 1 0 0 1 1 0 1 0 0 0 1 0 1 1 0 0 0 1 0 0 1 1 1 0 0 0 0 0 1 0 1 1 0 0 0 0 0 1 1 0 0 0 1 0 1 0 1 1 0 0 0 
0 0 1 0 1 1 0 1 0 1 0 0 1 1 1 0 0 0 0 1 0 1 1 0 0 0 1 0 0 1 1 1 0 0 0 0 0 1 0 1 1 0 0 0 0 0 1 1 0 0 0 1 0 1 0 1 1 0 0 0 
0 1 1 0 1 1 1 1 0 1 0 0 1 1 1 1 0 0 0 1 0 1 1 0 0 0 1 0 0 1 1 1 0 1 0 0 0 1 0 1 1 0 0 0 0 0 1 1 0 0 0 1 0 1 0 1 1 0 0 0 
0 0 1 1 1 1 0 1 0 1 0 0 1 1 1 1 0 0 0 1 0 1 1 0 0 0 1 0 0 1 1 1 0 0 0 0 0 1 1 1 1 0 0 0 0 0 1 1 0 0 0 1 0 1 0 1 1 0 0 0 
1 0 1 1 1 1 0 1 1 1 1 1 1 1 1 1 0 1 0 1 0 1 1 0 1 0 1 0 1 1 1 1 0 0 0 1 0 1 1 1 1 0 1 0 0 1 1 1 0 0 0 1 0 1 0 1 1 0 0 0 
0 0 1 0 1 1 0 1 0 1 0 0 1 1 1 1 0 0 0 0 0 1 1 0 0 0 1 0 0 1 1 1 0 0 0 0 0 1 0 1 1 0 0 0 0 0 1 1 0 0 0 1 0 1 0 1 1 0 0 0 
0 1 1 0 1 1 1 1 0 1 0 0 1 1 1 1 1 0 0 1 0 1 1 0 0 0 1 0 0 1 1 1 0 1 0 0 0 1 0 1 1 0 0 0 0 0 1 1 0 0 0 1 0 1 0 1 1 0 0 0 
0 0 1 0 1 1 0 1 0 1 0 0 1 1 1 1 0 0 0 1 0 0 1 0 0 0 1 0 0 1 1 1 0 0 0 0 0 1 0 1 1 0 0 0 0 0 1 1 0 0 0 1 0 1 0 1 1 0 0 0 
0 0 1 0 1 1 0 1 0 1 0 0 1 1 1 1 0 0 0 1 0 1 0 0 0 0 1 0 0 1 1 1 0 0 0 0 0 1 0 1 1 0 0 0 0 0 1 1 0 0 0 1 0 1 0 1 1 0 0 0 
0 0 1 0 1 1 0 1 0 1 0 0 1 1 1 1 0 0 0 1 0 1 1 0 0 0 1 0 0 1 1 1 0 0 0 0 0 1 0 1 1 0 0 0 0 0 1 1 0 0 0 1 0 1 0 1 1 0 0 0 
0 0 1 0 1 1 0 1 0 1 0 0 1 1 1 1 0 0 0 1 0 1 1 0 0 0 1 0 0 1 1 1 0 0 0 0 0 1 0 1 1 0 0 0 0 0 1 1 0 0 0 1 0 1 0 1 1 0 0 0 
0 0 0 0 0 0 0 0 0 0 0 0 0 0 0 0 0 0 0 0 0 0 0 0 0 0 0 0 0 0 0 0 0 0 0 0 0 0 0 0 0 0 0 0 0 0 0 0 0 0 0 0 0 0 0 0 0 0 0 0 
0 0 0 0 0 0 0 0 0 1 0 0 0 0 0 0 0 0 0 0 0 0 0 0 0 0 0 0 0 0 0 0 0 0 0 0 0 0 0 0 0 0 0 0 0 0 0 0 0 0 0 0 0 0 0 1 0 0 0 0 
0 1 1 0 1 1 0 1 0 1 0 0 1 1 1 1 0 0 0 1 0 1 1 0 0 0 1 0 0 1 1 1 0 1 0 0 0 1 0 1 1 0 0 0 0 0 1 1 0 0 0 1 0 1 0 1 1 0 0 0 
0 0 0 0 0 0 0 0 0 0 0 0 0 0 0 0 0 0 0 0 0 0 0 0 0 0 0 0 0 0 0 0 0 0 0 0 0 0 0 0 0 0 0 0 0 0 0 0 0 0 0 0 0 0 0 0 0 0 0 0 
0 0 0 0 0 0 0 0 0 0 0 0 0 0 0 0 0 0 0 0 0 0 0 0 0 0 0 0 0 0 0 0 0 0 0 0 0 0 0 0 0 0 0 0 0 0 0 0 0 0 0 0 0 0 0 0 0 0 0 0 
0 0 1 0 1 1 0 1 0 1 0 0 1 1 1 1 0 0 0 1 0 1 1 0 0 0 1 0 0 1 0 1 0 0 0 0 0 1 0 1 1 0 0 0 0 0 1 1 0 0 0 1 0 1 0 1 1 0 0 0 
0 0 0 0 0 0 0 0 0 0 0 0 0 0 0 0 0 0 0 0 0 0 0 0 0 0 0 0 0 0 0 0 0 0 0 0 0 0 0 0 0 0 0 0 0 0 0 0 0 0 0 0 0 0 0 0 0 0 0 0 
0 0 0 0 0 0 0 0 0 0 0 0 0 0 0 0 0 0 0 0 0 0 0 0 0 0 0 0 0 0 0 0 0 0 0 0 0 0 0 0 0 0 0 0 0 0 0 0 0 0 0 0 0 0 0 0 0 0 0 0 
0 0 1 0 1 1 0 1 0 1 0 0 1 1 1 1 0 0 0 1 0 1 1 0 0 0 1 0 0 1 1 1 0 0 0 0 0 1 0 1 1 0 0 0 0 0 1 1 0 0 0 1 0 1 0 1 1 0 0 0 
0 0 0 0 0 0 0 0 0 0 0 0 0 0 0 0 0 0 0 0 0 0 0 0 0 0 0 0 0 0 0 0 0 0 0 0 0 0 0 0 0 0 0 0 0 0 0 0 0 0 0 0 0 0 0 0 0 0 0 0 
0 0 0 0 0 0 0 0 0 0 0 0 0 0 0 0 0 0 0 0 0 0 0 0 0 0 0 0 0 0 0 0 0 0 0 0 0 0 0 0 0 0 0 0 0 0 0 0 0 0 0 0 0 0 0 0 0 0 0 0 
1 0 1 1 1 1 0 1 1 1 1 1 1 1 1 1 0 1 1 1 0 1 1 0 1 0 1 0 1 1 1 1 0 0 0 1 0 1 1 1 1 0 1 0 0 1 1 1 0 0 0 1 0 1 0 1 1 0 0 0 
0 0 1 0 1 1 0 1 0 1 0 0 1 1 1 1 0 0 0 1 0 1 1 0 0 0 1 0 0 1 1 1 0 0 0 0 0 0 0 1 1 0 0 0 0 0 1 1 0 0 0 1 0 1 0 1 1 0 0 0 
0 0 0 0 0 0 0 0 0 0 0 0 0 0 0 0 0 0 0 0 0 0 0 0 0 0 0 0 0 0 0 0 0 0 0 0 0 0 0 0 0 0 0 0 0 0 0 0 0 0 0 0 0 0 0 0 0 0 0 0 
0 0 0 0 0 0 0 0 0 0 0 0 0 0 0 0 0 0 0 0 0 0 0 0 0 0 0 0 0 0 0 0 0 0 0 0 0 0 0 0 1 0 0 0 0 0 1 0 0 0 0 0 0 0 0 0 0 0 0 0 
0 0 0 0 0 0 0 0 0 0 0 0 0 0 0 0 0 0 0 0 0 0 0 0 0 0 0 0 0 0 0 0 0 0 0 0 0 0 0 0 0 0 0 0 0 0 0 0 0 0 0 0 0 0 0 0 0 0 0 0 
0 0 1 0 1 1 0 1 0 1 0 0 1 1 1 1 0 0 0 1 0 1 1 0 0 0 1 0 0 1 1 1 0 0 0 0 0 1 0 1 1 0 0 0 0 0 1 1 0 0 0 1 0 1 0 1 1 0 0 0 
0 0 0 0 0 0 0 0 0 0 0 0 0 0 0 0 0 0 0 0 0 0 0 0 0 0 0 0 0 0 0 0 0 0 0 1 0 0 0 0 0 0 0 0 0 0 0 0 0 0 0 0 0 0 0 0 0 0 0 0 
0 0 0 0 0 0 0 0 0 0 0 0 0 0 0 0 0 0 0 0 0 0 0 0 0 0 0 0 0 1 0 0 0 0 0 0 0 0 0 0 0 0 0 0 0 0 0 0 0 0 0 0 0 0 0 1 0 0 0 0 
0 0 1 0 1 1 0 1 1 1 1 0 1 1 1 1 0 0 0 1 0 1 1 0 0 0 1 0 1 1 1 1 0 0 0 0 0 1 1 1 1 0 0 0 0 1 1 1 0 0 0 1 0 1 0 1 1 0 0 0 
0 0 0 0 0 0 0 0 0 1 1 0 0 0 0 0 0 0 0 0 0 0 0 0 0 0 0 0 0 0 0 0 0 0 0 0 0 0 0 0 0 0 0 0 0 0 0 0 0 0 0 0 0 0 0 1 0 0 0 0 
0 0 0 0 0 0 0 0 0 0 0 0 0 0 0 0 0 0 0 0 0 0 0 0 0 0 0 0 0 0 0 0 0 0 0 0 0 0 0 0 0 0 0 0 0 0 0 0 0 0 0 0 0 0 0 0 0 0 0 0 
0 0 1 0 1 1 0 1 0 1 0 0 1 1 1 1 0 0 0 1 0 1 1 0 0 0 1 0 0 1 1 1 0 0 0 0 0 1 0 1 1 0 0 0 0 0 1 0 0 0 0 1 0 1 0 1 1 0 0 0 
0 0 1 0 1 1 0 1 0 1 0 0 1 1 1 1 0 0 0 1 0 1 1 0 0 0 1 0 0 1 1 1 0 0 0 0 0 1 0 1 1 0 0 0 0 0 1 1 0 0 0 1 0 1 0 1 1 0 0 0 
0 0 1 0 1 1 0 1 0 1 0 0 1 1 1 1 0 0 0 1 0 1 1 0 0 0 1 0 0 1 1 1 0 0 0 0 0 1 0 1 1 0 0 0 0 0 1 1 0 0 0 1 0 1 0 1 1 0 0 0 
0 0 1 0 1 1 0 1 0 1 0 0 1 1 1 1 0 0 0 1 0 1 1 0 1 0 1 0 0 1 1 1 0 0 0 0 0 1 1 1 1 1 0 0 0 0 1 1 0 0 0 1 0 1 0 1 1 0 0 0 
0 0 1 0 1 1 0 1 0 1 0 0 1 1 1 1 0 0 0 1 0 1 1 0 0 0 1 0 0 1 1 1 0 0 0 0 0 1 0 1 1 0 0 0 0 0 1 1 0 0 0 0 0 1 0 1 1 0 0 0 
0 0 0 0 0 0 0 0 0 0 0 0 0 0 0 0 0 0 0 0 0 0 0 0 0 0 0 0 0 0 0 0 0 0 0 0 0 0 0 0 0 0 0 0 0 0 0 0 0 0 0 0 0 0 0 0 0 0 0 0 
0 0 0 0 0 0 0 0 0 0 0 0 0 0 0 0 0 0 0 0 0 0 0 0 0 0 0 0 0 0 0 0 0 0 0 0 0 0 0 0 0 0 0 0 0 0 0 0 0 0 0 0 0 0 0 0 0 0 0 0 
0 0 0 0 0 0 0 0 0 0 0 0 0 0 0 0 0 0 0 0 0 0 0 0 0 0 0 0 0 0 0 0 0 0 0 0 0 0 0 0 0 0 0 0 0 0 0 0 0 0 0 0 0 0 0 0 0 0 0 0 
0 0 0 0 0 0 0 0 0 0 0 0 0 0 0 0 0 0 0 0 0 0 0 0 0 0 0 0 0 0 0 0 0 0 0 0 0 0 0 0 0 0 0 0 0 0 0 0 0 0 0 0 0 0 0 0 0 0 0 0 
0 0 1 0 1 1 0 1 0 1 0 0 1 1 1 1 0 0 0 1 0 1 1 0 0 0 1 0 0 1 1 1 0 0 0 0 0 1 0 1 1 0 0 0 0 0 1 1 0 0 0 1 0 1 0 1 0 0 0 0 
0 0 0 0 0 0 0 0 0 1 0 0 0 0 0 0 0 0 0 0 0 0 0 0 0 0 0 0 0 0 0 0 0 0 0 0 0 0 0 0 0 0 0 0 0 0 0 0 0 0 0 0 0 0 0 1 0 0 0 0 
0 0 0 0 0 0 0 0 0 0 0 0 0 0 0 0 0 0 0 0 0 0 0 0 0 0 0 0 0 0 0 0 0 0 0 0 0 0 0 0 0 0 0 0 0 0 0 0 0 0 0 0 0 0 0 0 0 0 0 0 
0 0 1 0 1 1 0 1 0 1 0 0 1 1 1 1 0 0 0 1 0 1 1 0 0 0 1 0 0 1 1 1 0 0 0 0 0 1 0 1 1 0 0 0 0 0 1 1 0 0 0 1 0 1 0 1 1 0 0 0 
