# Number of items
120
# Stacking height
6
# Number of stacks
90
# Item name and Appearance
# (0 for I^{fix}, 1 for I^1, 2 for I^2)
   001     0
   002     0
   003     0
   004     0
   005     0
   006     0
   007     0
   008     0
   009     0
   010     0
   011     0
   012     0
   013     0
   014     0
   015     0
   016     0
   017     0
   018     0
   019     0
   020     0
   021     0
   022     0
   023     0
   024     0
   025     0
   026     0
   027     0
   028     0
   029     0
   030     0
   031     0
   032     0
   033     0
   034     0
   035     0
   036     0
   037     0
   038     0
   039     0
   040     0
   041     0
   042     0
   043     0
   044     0
   045     0
   046     0
   047     0
   048     0
   049     1
   050     1
   051     1
   052     1
   053     1
   054     1
   055     1
   056     1
   057     1
   058     1
   059     1
   060     1
   061     1
   062     1
   063     1
   064     1
   065     1
   066     1
   067     1
   068     1
   069     1
   070     1
   071     1
   072     1
   073     1
   074     1
   075     1
   076     1
   077     1
   078     1
   079     1
   080     1
   081     1
   082     1
   083     1
   084     1
   085     1
   086     1
   087     1
   088     1
   089     1
   090     1
   091     1
   092     1
   093     1
   094     1
   095     1
   096     1
   097     1
   098     1
   099     1
   100     1
   101     2
   102     2
   103     2
   104     2
   105     2
   106     2
   107     2
   108     2
   109     2
   110     2
   111     2
   112     2
   113     2
   114     2
   115     2
   116     2
   117     2
   118     2
   119     2
   120     2
# Positions of Ifix-items in the format (itemName, stack, level)
   001    15     1
   002     9     1
   003     3     4
   004     7     3
   005     9     2
   006     1     1
   007    18     1
   008    17     1
   009    10     1
   010     8     1
   011    14     2
   012     2     4
   013    12     2
   014     3     3
   015    16     1
   016    11     2
   017     1     2
   018     4     4
   019    14     1
   020     8     2
   021    11     1
   022     8     3
   023     5     4
   024    13     1
   025     7     1
   026     4     1
   027     6     4
   028    10     2
   029     6     1
   030     3     1
   031     6     2
   032     2     3
   033     1     3
   034     6     3
   035     1     4
   036     3     2
   037     5     2
   038     5     1
   039     7     2
   040    13     2
   041    12     1
   042     9     3
   043     4     2
   044     4     3
   045     2     1
   046    10     3
   047     5     3
   048     2     2
# Stacking matrix
# Info: number of 1-entries = 7142, density = 0.50
0 0 0 0 0 0 0 0 0 0 0 0 0 0 0 0 0 0 0 0 0 0 0 0 0 0 0 0 0 0 0 0 0 0 0 0 0 0 0 0 0 0 0 0 0 0 0 0 0 0 0 0 0 0 0 0 0 0 0 0 0 0 0 0 0 0 0 0 0 0 0 0 0 0 0 0 0 0 0 0 0 0 0 0 0 0 0 0 0 0 0 0 0 0 0 0 0 0 0 0 0 0 0 0 0 0 0 0 0 0 0 0 0 0 0 0 0 0 0 0 
0 0 0 0 0 0 0 0 0 0 0 0 0 0 0 0 0 0 0 0 0 0 0 0 0 0 0 0 0 0 0 0 0 0 0 0 0 0 0 0 0 0 0 0 0 0 0 0 0 0 0 0 0 0 0 0 0 0 0 0 0 0 0 0 0 0 0 0 0 0 0 0 0 0 0 0 0 0 0 0 0 0 0 0 0 0 0 0 0 0 0 0 0 0 1 0 0 0 0 0 0 0 0 0 0 0 0 0 0 0 0 0 0 0 0 0 0 0 0 0 
1 1 0 1 1 1 0 1 1 0 1 1 0 1 0 0 1 1 1 0 0 0 1 1 1 1 0 1 1 1 1 1 0 1 0 1 1 1 1 1 1 0 1 1 1 1 1 1 1 0 1 0 1 0 1 0 1 1 0 1 0 1 1 0 1 1 1 0 1 0 0 1 0 0 0 0 1 1 1 0 1 1 1 1 0 1 1 0 0 1 1 1 1 1 1 1 1 1 1 1 0 1 0 1 1 1 0 0 0 1 1 1 0 1 1 0 1 1 0 1 
1 1 1 0 1 1 0 1 1 0 1 1 0 1 0 0 1 1 1 0 0 0 1 1 1 1 0 1 1 1 1 1 0 1 0 1 1 1 1 1 1 0 1 1 1 1 1 1 1 0 1 0 1 0 1 0 1 1 0 1 0 1 1 0 1 1 1 0 1 0 0 1 0 0 0 0 1 1 1 0 1 1 1 1 0 1 1 0 0 1 1 1 1 1 1 1 1 1 1 1 0 1 0 1 1 1 0 0 0 1 1 1 0 1 1 0 1 1 0 1 
1 1 1 1 0 1 0 1 1 0 1 1 0 1 0 0 1 1 1 0 0 0 1 1 1 1 0 1 1 1 1 1 0 1 0 1 1 1 1 1 1 0 1 1 1 1 1 1 1 0 1 0 1 0 1 0 1 1 0 1 0 1 1 0 1 1 1 0 1 0 0 1 0 0 0 0 1 1 1 0 1 1 1 1 0 1 1 0 0 1 1 1 1 1 1 1 1 1 1 1 0 1 0 1 1 1 0 0 0 1 1 1 0 1 1 0 1 1 0 1 
1 1 1 1 1 0 0 1 1 0 1 1 0 1 0 0 1 1 1 0 0 0 1 1 1 1 0 1 1 1 1 1 0 1 0 1 1 1 1 1 1 0 1 1 1 1 1 1 1 0 1 0 1 0 1 0 1 1 0 1 0 1 1 0 1 1 1 0 1 0 0 1 0 0 0 0 1 1 1 0 1 1 1 1 0 1 1 0 0 1 1 1 1 1 1 1 1 1 1 1 0 1 0 1 1 1 0 0 0 1 1 1 0 1 1 0 1 1 0 1 
1 1 1 1 1 1 0 1 1 0 1 1 0 1 0 0 1 1 1 0 0 0 1 1 1 1 0 1 1 1 1 1 0 1 0 1 1 1 1 1 1 0 1 1 1 1 1 1 1 0 1 0 1 0 1 0 1 1 0 1 0 1 1 0 1 1 1 0 1 0 0 1 0 0 0 0 1 1 1 0 1 1 1 1 0 1 1 0 0 1 1 1 1 1 1 1 1 1 1 1 0 1 0 1 1 1 0 0 0 1 1 1 0 1 1 0 1 1 0 1 
1 1 1 1 1 1 0 0 1 0 1 1 0 1 0 0 1 1 1 0 0 0 1 1 1 1 0 1 1 1 1 1 0 1 0 1 1 1 1 1 1 0 1 1 1 1 1 1 1 0 1 0 1 0 1 0 1 1 0 1 0 1 1 0 1 1 1 0 1 0 0 1 0 0 0 0 1 1 1 0 1 1 1 1 0 1 1 0 0 1 1 1 1 1 1 1 1 1 1 1 0 1 0 1 1 1 0 0 0 1 1 1 0 1 1 0 1 1 0 1 
1 1 1 1 1 1 0 1 0 0 1 1 0 1 0 0 1 1 1 0 0 0 1 1 1 1 0 1 1 1 1 1 0 1 0 1 1 1 1 1 1 0 1 1 1 1 1 1 1 0 1 0 1 0 1 0 1 1 0 1 0 1 1 0 1 1 1 0 1 0 0 1 0 0 0 0 1 1 1 0 1 1 1 1 0 1 1 0 0 1 1 1 1 1 1 1 1 1 1 1 0 1 0 1 1 1 0 0 0 1 1 1 0 1 1 0 1 1 0 1 
1 1 1 1 1 1 0 1 1 0 1 1 0 1 0 0 1 1 1 0 0 0 1 1 1 1 1 1 1 1 1 1 0 1 0 1 1 1 1 1 1 0 1 1 1 1 1 1 1 0 1 0 1 0 1 0 1 1 0 1 0 1 1 0 1 1 1 0 1 0 0 1 0 1 0 0 1 1 1 0 1 1 1 1 0 1 1 0 0 1 1 1 1 1 1 1 1 1 1 1 0 1 0 1 1 1 0 0 0 1 1 1 0 1 1 0 1 1 0 1 
1 1 1 1 1 1 0 1 1 0 0 1 0 1 0 0 1 1 1 0 0 0 1 1 1 1 0 1 1 1 1 1 0 1 0 1 1 1 1 1 1 0 1 1 1 1 1 1 1 0 1 0 1 0 1 0 1 1 0 1 0 1 1 0 1 1 1 0 1 0 0 1 0 0 0 0 1 1 1 0 1 1 1 1 0 1 1 0 0 1 1 1 1 1 1 1 1 1 1 1 0 1 0 1 1 1 0 0 0 1 1 1 0 1 1 0 1 1 0 1 
1 1 1 1 1 1 0 1 1 0 1 0 0 1 0 0 1 1 1 0 0 0 1 1 1 1 0 1 1 1 1 1 0 1 0 1 1 1 1 1 1 0 1 1 1 1 1 1 1 0 1 0 1 0 1 0 1 1 0 1 0 1 1 0 1 1 1 0 1 0 0 1 0 0 0 0 1 1 1 0 1 1 1 1 0 1 1 0 0 1 1 1 1 1 1 1 1 1 1 1 0 1 0 1 1 1 0 0 0 1 1 1 0 1 1 0 1 1 0 1 
1 1 1 1 1 1 0 1 1 0 1 1 0 1 0 0 1 1 1 0 0 0 1 1 1 1 0 1 1 1 1 1 0 1 0 1 1 1 1 1 1 0 1 1 1 1 1 1 1 0 1 0 1 0 1 0 1 1 0 1 0 1 1 1 1 1 1 0 1 0 0 1 0 0 0 0 1 1 1 0 1 1 1 1 0 1 1 0 0 1 1 1 1 1 1 1 1 1 1 1 0 1 0 1 1 1 0 0 0 1 1 1 0 1 1 0 1 1 0 1 
1 1 1 1 1 1 0 1 1 0 1 1 0 0 0 0 1 1 1 0 0 0 1 1 1 1 0 1 1 1 1 1 0 1 0 1 1 1 1 1 1 0 1 1 1 1 1 1 1 0 1 0 1 0 1 0 1 1 0 1 0 1 1 0 1 1 1 0 1 0 0 1 0 0 0 0 1 1 1 0 1 1 1 1 0 1 1 0 0 1 1 1 1 1 1 1 1 1 1 1 0 1 0 1 1 1 0 0 0 1 1 1 0 1 1 0 1 1 0 1 
1 1 1 1 1 1 0 1 1 0 1 1 0 1 0 0 1 1 1 0 0 0 1 1 1 1 0 1 1 1 1 1 0 1 0 1 1 1 1 1 1 0 1 1 1 1 1 1 1 0 1 0 1 0 1 0 1 1 0 1 0 1 1 0 1 1 1 0 1 0 0 1 0 0 0 0 1 1 1 0 1 1 1 1 0 1 1 0 0 1 1 1 1 1 1 1 1 1 1 1 0 1 0 1 1 1 0 0 0 1 1 1 0 1 1 0 1 1 0 1 
1 1 1 1 1 1 0 1 1 0 1 1 0 1 0 0 1 1 1 0 1 0 1 1 1 1 0 1 1 1 1 1 0 1 0 1 1 1 1 1 1 0 1 1 1 1 1 1 1 1 1 0 1 0 1 0 1 1 0 1 0 1 1 0 1 1 1 0 1 0 0 1 0 0 0 0 1 1 1 0 1 1 1 1 0 1 1 0 0 1 1 1 1 1 1 1 1 1 1 1 0 1 0 1 1 1 0 0 0 1 1 1 0 1 1 0 1 1 0 1 
1 1 1 1 1 1 0 1 1 0 1 1 0 1 0 0 0 1 1 0 0 0 1 1 1 1 0 1 1 1 1 1 0 1 0 1 1 1 1 1 1 0 1 1 1 1 1 1 1 0 1 0 1 0 1 0 1 1 0 1 0 1 1 0 1 1 1 0 1 0 0 1 0 0 0 0 1 1 1 0 1 1 1 1 0 1 1 0 0 1 1 1 1 1 1 1 1 1 1 1 0 1 0 1 1 1 0 0 0 1 1 1 0 1 1 0 1 1 0 1 
1 1 1 1 1 1 0 1 1 0 1 1 0 1 0 0 1 0 1 0 0 0 1 1 1 1 0 1 1 1 1 1 0 1 0 1 1 1 1 1 1 0 1 1 1 1 1 1 1 0 1 0 1 0 1 0 1 1 0 1 0 1 1 0 1 1 1 0 1 0 0 1 0 0 0 0 1 1 1 0 1 1 1 1 0 1 1 0 0 1 1 1 1 1 1 1 1 1 1 1 0 1 0 1 1 1 0 0 0 1 1 1 0 1 1 0 1 1 0 1 
1 1 1 1 1 1 0 1 1 0 1 1 0 1 0 0 1 1 0 0 0 0 1 1 1 1 0 1 1 1 1 1 0 1 0 1 1 1 1 1 1 0 1 1 1 1 1 1 1 0 1 0 1 0 1 0 1 1 0 1 0 1 1 0 1 1 1 0 1 0 0 1 0 0 0 0 1 1 1 0 1 1 1 1 0 1 1 0 0 1 1 1 1 1 1 1 1 1 1 1 0 1 0 1 1 1 0 0 0 1 1 1 0 1 1 0 1 1 0 1 
1 1 1 1 1 1 0 1 1 1 1 1 0 1 0 1 1 1 1 0 1 0 1 1 1 1 1 1 1 1 1 1 0 1 0 1 1 1 1 1 1 0 1 1 1 1 1 1 1 1 1 0 1 0 1 0 1 1 0 1 0 1 1 0 1 1 1 0 1 0 0 1 0 1 0 0 1 1 1 0 1 1 1 1 0 1 1 0 0 1 1 1 1 1 1 1 1 1 1 1 0 1 0 1 1 1 0 0 0 1 1 1 0 1 1 0 1 1 0 1 
0 0 0 0 0 0 0 0 0 0 0 0 0 0 0 0 0 0 0 0 0 0 0 0 0 0 0 0 0 0 0 0 0 0 0 0 0 0 0 0 0 0 0 0 0 0 0 0 0 0 0 0 0 0 0 0 0 0 0 0 0 0 0 0 0 0 0 0 0 0 0 0 0 0 0 0 0 0 0 0 0 0 0 0 0 0 0 0 0 0 0 0 0 0 0 0 0 0 0 0 0 0 0 0 0 0 0 0 0 0 0 0 0 0 0 0 0 0 0 0 
1 1 1 1 1 1 0 1 1 1 1 1 0 1 0 1 1 1 1 1 1 0 1 1 1 1 1 1 1 1 1 1 0 1 0 1 1 1 1 1 1 0 1 1 1 1 1 1 1 1 1 0 1 0 1 0 1 1 0 1 0 1 1 0 1 1 1 0 1 0 0 1 0 1 0 0 1 1 1 0 1 1 1 1 0 1 1 0 0 1 1 1 1 1 1 1 1 1 1 1 0 1 0 1 1 1 0 0 0 1 1 1 0 1 1 0 1 1 0 1 
1 1 1 1 1 1 0 1 1 0 1 1 0 1 0 0 1 1 1 0 0 0 0 1 1 1 0 1 1 1 1 1 0 1 0 1 1 1 1 1 1 0 1 1 1 1 1 1 1 0 1 0 1 0 1 0 1 1 0 1 0 1 1 0 1 1 1 0 1 0 0 1 0 0 0 0 1 1 1 0 1 1 1 1 0 1 1 0 0 1 1 1 1 1 1 1 1 1 1 1 0 1 0 1 1 1 0 0 0 1 1 1 0 1 1 0 1 1 0 1 
0 0 0 0 0 0 0 0 0 0 0 0 0 0 0 0 0 0 0 0 0 0 0 0 0 0 0 0 0 0 0 0 0 0 0 0 0 0 0 0 0 0 0 0 0 0 0 0 0 0 0 0 0 0 0 0 0 0 0 0 0 0 0 0 0 0 0 0 0 0 0 0 0 0 0 0 0 0 0 0 0 0 0 0 0 0 0 0 0 0 0 0 0 0 0 0 0 0 0 0 0 0 0 0 0 0 0 0 0 0 0 0 0 0 0 0 0 0 0 0 
1 1 1 1 1 1 0 1 1 0 1 1 0 1 0 0 1 1 1 0 0 0 1 1 0 1 0 1 1 1 1 1 0 1 0 1 1 1 1 1 1 0 1 1 1 1 1 1 1 0 1 0 1 0 1 0 1 1 0 1 0 1 1 0 1 1 1 0 1 0 0 1 0 0 0 0 1 1 1 0 1 1 1 1 0 1 1 0 0 1 1 1 1 1 1 1 1 1 1 1 0 1 0 1 1 1 0 0 0 1 1 1 0 1 1 0 1 1 0 1 
1 1 1 1 1 1 0 1 1 0 1 1 0 1 0 0 1 1 1 0 0 0 1 1 1 0 0 1 1 1 1 1 0 1 0 1 1 1 1 1 1 0 1 1 1 1 1 1 1 0 1 0 1 0 1 0 1 1 0 1 0 1 1 0 1 1 1 0 1 0 0 1 0 0 0 0 1 1 1 0 1 1 1 1 0 1 1 0 0 1 1 1 1 1 1 1 1 1 1 1 0 1 0 1 1 1 0 0 0 1 1 1 0 1 1 0 1 1 0 1 
1 1 1 1 1 1 0 1 1 0 1 1 0 1 0 0 1 1 1 0 0 0 1 1 1 1 0 1 1 1 1 1 0 1 0 1 1 1 1 1 1 0 1 1 1 1 1 1 1 0 1 0 1 0 1 0 1 1 0 1 0 1 1 0 1 1 1 0 1 0 0 1 0 0 0 0 1 1 1 0 1 1 1 1 0 1 1 0 0 1 1 1 1 1 1 1 1 1 1 1 0 1 0 1 1 1 0 0 0 1 1 1 0 1 1 0 1 1 0 1 
1 1 1 1 1 1 0 1 1 0 1 1 0 1 0 0 1 1 1 0 0 0 1 1 1 1 0 0 1 1 1 1 0 1 0 1 1 1 1 1 1 0 1 1 1 1 1 1 1 0 1 0 1 0 1 0 1 1 0 1 0 1 1 0 1 1 1 0 1 0 0 1 0 0 0 0 1 1 1 0 1 1 1 1 0 1 1 0 0 1 1 1 1 1 1 1 1 1 1 1 0 1 0 1 1 1 0 0 0 1 1 1 0 1 1 0 1 1 0 1 
1 1 1 1 1 1 0 1 1 0 1 1 0 1 0 0 1 1 1 0 0 0 1 1 1 1 0 1 0 1 1 1 0 1 0 1 1 1 1 1 1 0 1 1 1 1 1 1 1 0 1 0 1 0 1 0 1 1 0 1 0 1 1 0 1 1 1 0 1 0 0 1 0 0 0 0 1 1 1 0 1 1 1 1 0 1 1 0 0 1 1 1 1 1 1 1 1 1 1 1 0 1 0 1 1 1 0 0 0 1 1 1 0 1 1 0 1 1 0 1 
1 1 1 1 1 1 0 1 1 0 1 1 0 1 0 0 1 1 1 0 0 0 1 1 1 1 0 1 1 0 1 1 0 1 0 1 1 1 1 1 1 0 1 1 1 1 1 1 1 0 1 0 1 0 1 0 1 1 0 1 0 1 1 0 1 1 1 0 1 0 0 1 0 0 0 0 1 1 1 0 1 1 1 1 0 1 1 0 0 1 1 1 1 1 1 1 1 1 1 1 0 1 0 1 1 1 0 0 0 1 1 1 0 1 1 0 1 1 0 1 
1 1 1 1 1 1 0 1 1 0 1 1 0 1 0 0 1 1 1 0 0 0 1 1 1 1 0 1 1 1 0 1 0 1 0 1 1 1 1 1 1 0 1 1 1 1 1 1 1 0 1 0 1 0 1 0 1 1 0 1 0 1 1 0 1 1 1 0 1 0 0 1 0 0 0 0 1 1 1 0 1 1 1 1 0 1 1 0 0 1 1 1 1 1 1 1 1 1 1 1 0 1 0 1 1 1 0 0 0 1 1 1 0 1 1 0 1 1 0 1 
0 0 0 0 0 0 0 0 0 0 0 0 0 0 0 0 0 0 0 0 0 0 0 0 0 0 0 0 0 0 0 0 0 0 0 0 0 0 0 0 0 0 0 0 1 0 0 1 0 0 0 0 0 0 0 0 0 0 0 0 0 0 0 0 0 0 0 0 0 0 0 0 0 0 0 0 0 0 0 0 0 0 0 0 0 0 0 0 0 0 0 0 0 0 0 0 0 0 0 0 0 0 0 0 0 0 0 0 0 0 0 0 0 0 0 0 0 0 0 0 
1 1 1 1 1 1 0 1 1 0 1 1 0 1 0 0 1 1 1 0 0 0 1 1 1 1 0 1 1 1 1 1 0 1 0 1 1 1 1 1 1 0 1 1 1 1 1 1 1 0 1 0 1 0 1 0 1 1 0 1 0 1 1 0 1 1 1 0 1 0 0 1 0 0 0 0 1 1 1 0 1 1 1 1 0 1 1 0 0 1 1 1 1 1 1 1 1 1 1 1 0 1 0 1 1 1 0 0 0 1 1 1 0 1 1 0 1 1 0 1 
1 1 1 1 1 1 0 1 1 0 1 1 0 1 0 0 1 1 1 0 0 0 1 1 1 1 0 1 1 1 1 1 0 0 0 1 1 1 1 1 1 0 1 1 1 1 1 1 1 0 1 0 1 0 1 0 1 1 0 1 0 1 1 0 1 1 1 0 1 0 0 1 0 0 0 0 1 1 1 0 1 1 1 1 0 1 1 0 0 1 1 1 1 1 1 1 1 1 1 1 0 1 0 1 1 1 0 0 0 1 1 1 0 1 1 0 1 1 0 1 
1 1 1 1 1 1 0 1 1 0 1 1 0 1 0 0 1 1 1 0 1 0 1 1 1 1 0 1 1 1 1 1 1 1 0 1 1 1 1 1 1 0 1 1 1 1 1 1 1 0 1 0 1 0 1 0 1 1 0 1 0 1 1 0 1 1 1 0 1 0 0 1 0 0 0 0 1 1 1 0 1 1 1 1 0 1 1 0 0 1 1 1 1 1 1 1 1 1 1 1 0 1 0 1 1 1 0 0 0 1 1 1 0 1 1 0 1 1 0 1 
1 1 1 1 1 1 0 1 1 0 1 1 0 1 0 0 1 1 1 0 0 0 1 1 1 1 0 1 1 1 1 1 0 1 0 0 1 1 1 1 1 0 1 1 1 1 1 1 1 0 1 0 1 0 1 0 1 1 0 1 0 1 1 0 1 1 1 0 1 0 0 1 0 0 0 0 1 1 1 0 1 1 1 1 0 1 1 0 0 1 1 1 1 1 1 1 1 1 1 1 0 1 0 1 1 1 0 0 0 1 1 1 0 1 1 0 1 1 0 1 
1 1 1 1 1 1 0 1 1 0 1 1 0 1 0 0 1 1 1 0 0 0 1 1 1 1 0 1 1 1 1 1 0 1 0 1 0 1 1 1 1 0 1 1 1 1 1 1 1 0 1 0 1 0 1 0 1 1 0 1 0 1 1 0 1 1 1 0 1 0 0 1 0 0 0 0 1 1 1 0 1 1 1 1 0 1 1 0 0 1 1 1 1 1 1 1 1 1 1 1 0 1 0 1 1 1 0 0 0 1 1 1 0 1 1 0 1 1 0 1 
1 1 1 1 1 1 0 1 1 0 1 1 0 1 0 0 1 1 1 0 0 0 1 1 1 1 0 1 1 1 1 1 0 1 0 1 1 0 1 1 1 0 1 1 1 1 1 1 1 0 1 0 1 0 1 0 1 1 0 1 0 1 1 0 1 1 1 0 1 0 0 1 0 0 0 0 1 1 1 0 1 1 1 1 0 1 1 0 0 1 1 1 1 1 1 1 1 1 1 1 0 1 0 1 1 1 0 0 0 1 1 1 0 1 1 0 1 1 0 1 
1 1 1 1 1 1 0 1 1 0 1 1 0 1 0 0 1 1 1 0 0 0 1 1 1 1 0 1 1 1 1 1 0 1 0 1 1 1 0 1 1 0 1 1 1 1 1 1 1 0 1 0 1 0 1 0 1 1 0 1 0 1 1 0 1 1 1 0 1 0 0 1 0 0 0 0 1 1 1 0 1 1 1 1 0 1 1 0 0 1 1 1 1 1 1 1 1 1 1 1 0 1 0 1 1 1 0 0 0 1 1 1 0 1 1 0 1 1 0 1 
1 1 1 1 1 1 0 1 1 0 1 1 0 1 0 0 1 1 1 0 0 0 1 1 1 1 0 1 1 1 1 1 0 1 0 1 1 1 1 0 1 0 1 1 1 1 1 1 1 0 1 0 1 0 1 0 1 1 0 1 0 1 1 0 1 1 1 0 1 0 0 1 0 0 0 0 1 1 1 0 1 1 1 1 0 1 1 0 0 1 1 1 1 1 1 1 1 1 1 1 0 1 0 1 1 1 0 0 0 1 1 1 0 1 1 0 1 1 0 1 
1 1 1 1 1 1 0 1 1 0 1 1 0 1 0 0 1 1 1 0 0 0 1 1 1 1 0 1 1 1 1 1 0 1 0 1 1 1 1 1 0 0 1 1 1 1 1 1 1 0 1 0 1 0 1 0 1 1 0 1 0 1 1 0 1 1 1 0 1 0 0 1 0 0 0 0 1 1 1 0 1 1 1 1 0 1 1 0 0 1 1 1 1 1 1 1 1 1 1 1 0 1 0 1 1 1 0 0 0 1 1 1 0 1 1 0 1 1 0 1 
1 1 1 1 1 1 0 1 1 0 1 1 0 1 0 0 1 1 1 0 0 0 1 1 1 1 0 1 1 1 1 1 0 1 0 1 1 1 1 1 1 0 1 1 1 1 1 1 1 0 1 0 1 0 1 0 1 1 0 1 0 1 1 0 1 1 1 0 1 0 0 1 0 0 0 0 1 1 1 0 1 1 1 1 0 1 1 0 0 1 1 1 1 1 1 1 1 1 1 1 0 1 0 1 1 1 0 0 0 1 1 1 0 1 1 0 1 1 0 1 
1 1 1 1 1 1 0 1 1 0 1 1 0 1 0 0 1 1 1 0 0 0 1 1 1 1 0 1 1 1 1 1 0 1 0 1 1 1 1 1 1 0 0 1 1 1 1 1 1 0 1 0 1 0 1 0 1 1 0 1 0 1 1 0 1 1 1 0 1 0 0 1 0 0 0 0 1 1 1 0 1 1 1 1 0 1 1 0 0 1 1 1 1 1 1 1 1 1 1 1 0 1 0 1 1 1 0 0 0 1 1 1 0 1 1 0 1 1 0 1 
1 1 1 1 1 1 0 1 1 0 1 1 0 1 0 0 1 1 1 0 0 0 1 1 1 1 0 1 1 1 1 1 0 1 0 1 1 1 1 1 1 0 1 0 1 1 1 1 1 0 1 0 1 0 1 0 1 1 0 1 0 1 1 0 1 1 1 0 1 0 0 1 0 0 0 0 1 1 1 0 1 1 1 1 0 1 1 0 0 1 1 1 1 1 1 1 1 1 1 1 0 1 0 1 1 1 0 0 0 1 1 1 0 1 1 0 1 1 0 1 
0 0 0 0 0 0 0 0 0 0 0 0 0 0 0 0 0 0 0 0 0 0 0 0 0 0 0 0 0 0 0 0 0 0 0 0 0 0 0 0 0 0 0 0 0 0 0 0 0 0 0 0 0 0 0 0 0 0 0 0 0 0 0 0 0 0 0 0 0 0 0 0 0 0 0 0 0 0 0 0 0 0 0 0 0 0 0 0 0 0 0 0 0 0 0 0 0 0 0 0 0 0 0 0 0 0 0 0 0 0 0 0 0 0 0 0 0 0 0 0 
1 1 1 1 1 1 0 1 1 0 1 1 0 1 0 0 1 1 1 0 0 0 1 1 1 1 0 1 1 1 1 1 0 1 0 1 1 1 1 1 1 0 1 1 1 0 1 1 1 0 1 0 1 0 1 0 1 1 0 1 0 1 1 0 1 1 1 0 1 0 0 1 0 0 0 0 1 1 1 0 1 1 1 1 0 1 1 0 0 1 1 1 1 1 1 1 1 1 1 1 0 1 0 1 1 1 0 0 0 1 1 1 0 1 1 0 1 1 0 1 
1 1 1 1 1 1 0 1 1 0 1 1 0 1 0 0 1 1 1 0 0 0 1 1 1 1 0 1 1 1 1 1 0 1 0 1 1 1 1 1 1 0 1 1 1 1 0 1 1 0 1 0 1 0 1 0 1 1 0 1 0 1 1 0 1 1 1 0 1 0 0 1 0 0 0 0 1 1 1 0 1 1 1 1 0 1 1 0 0 1 1 1 1 1 1 1 1 1 1 1 0 1 0 1 1 1 0 0 0 1 1 1 0 1 1 0 1 1 0 1 
0 0 0 0 0 0 0 0 0 0 0 0 0 0 0 0 0 0 0 0 0 0 0 0 0 0 0 0 0 0 0 0 0 0 0 0 0 0 0 0 0 0 0 0 1 0 0 0 0 0 0 0 0 0 0 0 0 0 0 0 0 0 0 0 0 0 0 0 0 0 0 0 0 0 0 0 0 0 0 0 0 0 0 0 0 0 0 0 0 0 0 0 0 0 0 0 0 0 0 0 0 0 0 0 0 0 0 0 0 0 0 0 0 0 0 0 0 0 0 0 
0 0 0 0 0 0 0 0 0 0 0 0 0 0 0 0 0 0 0 0 0 0 0 0 0 0 0 0 0 0 0 0 0 0 0 0 0 0 0 0 0 0 0 0 0 0 0 0 0 0 0 0 0 0 0 0 0 0 0 0 0 0 0 0 0 0 0 0 0 0 0 0 0 0 0 0 0 0 0 0 0 0 0 0 0 0 0 0 0 0 0 0 0 0 0 0 0 0 0 0 0 0 0 0 0 0 0 0 0 0 0 0 0 0 0 0 0 0 0 0 
1 1 1 1 1 1 0 1 1 0 1 1 0 1 0 0 1 1 1 0 0 0 1 1 1 1 0 1 1 1 1 1 0 1 0 1 1 1 1 1 1 0 1 1 1 1 1 1 1 0 1 0 1 0 1 0 1 1 0 1 0 1 1 0 1 1 1 0 1 0 0 1 0 0 0 0 1 1 1 0 1 1 1 1 0 1 1 0 0 1 1 1 1 1 1 1 1 1 1 1 0 1 0 1 1 1 0 0 0 1 1 1 0 1 1 0 1 1 0 1 
1 1 1 1 1 1 0 1 1 0 1 1 0 1 0 0 1 1 1 0 0 0 1 1 1 1 0 1 1 1 1 1 0 1 0 1 1 1 1 1 1 0 1 1 1 1 1 1 1 0 0 0 1 0 1 0 1 1 0 1 0 1 1 0 1 1 1 0 1 0 0 1 0 0 0 0 1 1 1 0 1 1 1 1 0 1 1 0 0 1 1 1 1 1 1 1 1 1 1 1 0 1 0 1 1 1 0 0 0 1 1 1 0 1 1 0 1 1 0 1 
1 1 1 1 1 1 0 1 1 0 1 1 0 1 0 0 1 1 1 0 0 0 1 1 1 1 0 1 1 1 1 1 0 1 0 1 1 1 1 1 1 0 1 1 1 1 1 1 1 0 1 0 1 0 1 0 1 1 0 1 0 1 1 0 1 1 1 0 1 0 0 1 0 0 0 0 1 1 1 0 1 1 1 1 0 1 1 0 0 1 1 1 1 1 1 1 1 1 1 1 0 1 0 1 1 1 0 0 0 1 1 1 0 1 1 0 1 1 0 1 
1 1 1 1 1 1 0 1 1 0 1 1 0 1 0 0 1 1 1 0 0 0 1 1 1 1 0 1 1 1 1 1 0 1 0 1 1 1 1 1 1 0 1 1 1 1 1 1 1 0 1 0 0 0 1 0 1 1 0 1 0 1 1 0 1 1 1 0 1 0 0 1 0 0 0 0 1 1 1 0 1 1 1 1 0 1 1 0 0 1 1 1 1 1 1 1 1 1 1 1 0 1 0 1 1 1 0 0 0 1 1 1 0 1 1 0 1 1 0 1 
1 1 1 1 1 1 0 1 1 0 1 1 0 1 0 0 1 1 1 0 0 0 1 1 1 1 0 1 1 1 1 1 0 1 0 1 1 1 1 1 1 0 1 1 1 1 1 1 1 0 1 0 1 0 1 0 1 1 0 1 0 1 1 0 1 1 1 0 1 0 0 1 0 0 0 0 1 1 1 0 1 1 1 1 0 1 1 0 0 1 1 1 1 1 1 1 1 1 1 1 0 1 0 1 1 1 0 0 0 1 1 1 0 1 1 0 1 1 0 1 
1 0 0 0 0 0 0 0 0 0 0 0 0 0 0 0 0 0 0 0 0 0 0 0 0 0 0 0 0 0 0 0 0 0 0 0 0 0 0 0 0 0 0 0 0 0 0 0 0 0 0 0 0 0 0 0 0 0 0 0 0 0 0 0 0 0 0 0 0 0 0 0 0 0 0 0 0 0 0 0 0 0 0 0 0 0 0 0 0 1 0 0 0 0 0 0 0 0 0 0 0 0 0 0 0 0 0 0 0 0 0 1 0 0 0 0 0 0 0 0 
0 1 0 0 0 0 0 0 0 0 0 0 0 0 0 0 0 0 0 0 0 0 0 0 0 0 0 0 0 0 0 0 0 0 0 0 0 0 0 0 0 0 0 0 0 0 0 0 0 0 0 0 0 0 0 0 0 0 0 0 0 0 0 0 0 0 0 0 0 0 0 0 0 0 0 0 0 0 0 0 0 0 0 0 0 0 0 0 0 0 0 0 0 0 1 0 0 0 0 0 0 0 0 0 0 0 1 0 0 0 0 0 0 0 0 0 0 0 0 0 
1 1 1 1 1 1 0 1 1 0 1 1 0 1 0 0 1 1 1 0 0 0 1 1 1 1 0 1 1 1 1 1 0 1 0 1 1 1 1 1 1 0 1 1 1 1 1 1 1 0 1 0 1 0 1 0 0 1 0 1 0 1 1 0 1 1 1 0 1 0 0 1 0 0 0 0 1 1 1 0 1 1 1 1 0 1 1 0 0 1 1 1 1 1 1 1 1 1 1 1 0 1 0 1 1 1 0 0 0 1 1 1 0 1 1 0 1 1 0 1 
1 1 1 1 1 1 0 1 1 0 1 1 0 1 0 0 1 1 1 0 0 0 1 1 1 1 0 1 1 1 1 1 0 1 0 1 1 1 1 1 1 0 1 1 1 1 1 1 1 0 1 0 1 0 1 0 1 0 0 1 0 1 1 0 1 1 1 0 1 0 0 1 0 0 0 0 1 1 1 0 1 1 1 1 0 1 1 0 0 1 1 1 1 1 1 1 1 1 1 1 0 1 0 1 1 1 0 0 0 1 1 1 0 1 1 0 1 1 0 1 
1 1 1 1 1 1 0 1 1 0 1 1 0 1 0 0 1 1 1 0 0 0 1 1 1 1 0 1 1 1 1 1 0 1 0 1 1 1 1 1 1 0 1 1 1 1 1 1 1 0 1 0 1 0 1 1 1 1 0 1 0 1 1 0 1 1 1 0 1 0 0 1 0 0 1 1 1 1 1 0 1 1 1 1 1 1 1 0 0 1 1 1 1 1 1 1 1 1 1 1 0 1 0 1 1 1 1 0 0 1 1 1 0 1 1 0 1 1 0 1 
1 1 1 1 1 1 0 1 1 0 1 1 0 1 0 0 1 1 1 0 0 0 1 1 1 1 0 1 1 1 1 1 0 1 0 1 1 1 1 1 1 0 1 1 1 1 1 1 1 0 1 0 1 0 1 0 1 1 0 0 0 1 1 0 1 1 1 0 1 0 0 1 0 0 0 0 1 1 1 0 1 1 1 1 0 1 1 0 0 1 1 1 1 1 1 1 1 1 1 1 0 1 0 1 1 1 0 0 0 1 1 1 0 1 1 0 1 1 0 1 
0 0 0 0 0 0 0 0 0 0 0 0 0 0 0 0 0 0 0 0 0 0 0 0 0 0 0 0 0 0 0 0 0 0 0 0 0 0 0 0 0 0 0 0 0 0 0 0 0 0 0 0 0 0 0 0 0 0 0 0 0 0 0 0 0 0 0 0 0 0 0 0 0 0 0 0 0 0 0 0 0 0 0 0 0 0 0 0 0 0 0 0 0 0 0 0 0 0 0 0 0 0 0 0 0 0 0 0 0 0 0 0 0 0 0 0 0 0 0 0 
1 1 1 1 1 1 0 1 1 0 1 1 0 1 0 0 1 1 1 0 0 0 1 1 1 1 0 1 1 1 1 1 0 1 0 1 1 1 1 1 1 0 1 1 1 1 1 1 1 0 1 0 1 0 1 0 1 1 0 1 0 0 1 0 1 1 1 0 1 0 0 1 0 0 0 0 1 1 1 0 1 1 1 1 0 1 1 0 0 1 1 1 1 1 1 1 1 1 1 1 0 1 0 1 1 1 0 0 0 1 1 1 0 1 1 0 1 1 0 1 
1 1 1 1 1 1 0 1 1 0 1 1 0 1 0 0 1 1 1 0 0 0 1 1 1 1 0 1 1 1 1 1 0 1 0 1 1 1 1 1 1 0 1 1 1 1 1 1 1 0 1 0 1 0 1 0 1 1 0 1 0 1 0 0 1 1 1 0 1 0 0 1 0 0 0 0 1 1 1 0 1 1 1 1 0 1 1 0 0 1 1 1 1 1 1 1 1 1 1 1 0 1 0 1 1 1 0 0 0 1 1 1 0 1 1 0 1 1 0 1 
1 1 1 1 1 1 0 1 1 0 1 1 0 1 0 0 1 1 1 0 0 0 1 1 1 1 0 1 1 1 1 1 0 1 0 1 1 1 1 1 1 0 1 1 1 1 1 1 1 0 1 0 1 0 1 0 1 1 0 1 0 1 1 0 1 1 1 0 1 0 0 1 0 0 0 0 1 1 1 0 1 1 1 1 0 1 1 0 0 1 1 1 1 1 1 1 1 1 1 1 0 1 0 1 1 1 0 0 0 1 1 1 0 1 1 0 1 1 0 1 
1 1 1 1 1 1 0 1 1 0 1 1 0 1 0 0 1 1 1 0 0 0 1 1 1 1 0 1 1 1 1 1 0 1 0 1 1 1 1 1 1 0 1 1 1 1 1 1 1 0 1 0 1 0 1 0 1 1 0 1 0 1 1 0 0 1 1 0 1 0 0 1 0 0 0 0 1 1 1 0 1 1 1 1 0 1 1 0 0 1 1 1 1 1 1 1 1 1 1 1 0 1 0 1 1 1 0 0 0 1 1 1 0 1 1 0 1 1 0 1 
1 1 1 1 1 1 0 1 1 0 1 1 0 1 0 0 1 1 1 0 0 0 1 1 1 1 0 1 1 1 1 1 0 1 0 1 1 1 1 1 1 0 1 1 1 1 1 1 1 0 1 0 1 0 1 0 1 1 0 1 0 1 1 0 1 0 1 0 1 0 0 1 0 0 0 0 1 1 1 0 1 1 1 1 0 1 1 0 0 1 1 1 1 1 1 1 1 1 1 1 0 1 0 1 1 1 0 0 0 1 1 1 0 1 1 0 1 1 0 1 
1 1 1 1 1 1 0 1 1 0 1 1 0 1 0 0 1 1 1 0 0 0 1 1 1 1 0 1 1 1 1 1 0 1 0 1 1 1 1 1 1 0 1 1 1 1 1 1 1 0 1 0 1 0 1 0 1 1 0 1 0 1 1 0 1 1 0 0 1 0 0 1 0 0 0 0 1 1 1 0 1 1 1 1 0 1 1 0 0 1 1 1 1 1 1 1 1 1 1 1 0 1 0 1 1 1 0 0 0 1 1 1 0 1 1 0 1 1 0 1 
1 1 1 1 1 1 0 1 1 0 1 1 0 1 0 0 1 1 1 0 0 0 1 1 1 1 0 1 1 1 1 1 0 1 0 1 1 1 1 1 1 0 1 1 1 1 1 1 1 0 1 0 1 0 1 1 1 1 1 1 0 1 1 0 1 1 1 0 1 0 0 1 0 0 1 1 1 1 1 0 1 1 1 1 1 1 1 0 0 1 1 1 1 1 1 1 1 1 1 1 0 1 0 1 1 1 1 0 0 1 1 1 0 1 1 0 1 1 0 1 
1 1 1 1 1 1 0 1 1 0 1 1 0 1 0 0 1 1 1 0 0 0 1 1 1 1 0 1 1 1 1 1 0 1 0 1 1 1 1 1 1 0 1 1 1 1 1 1 1 0 1 0 1 0 1 0 1 1 0 1 0 1 1 0 1 1 1 0 0 0 0 1 0 0 0 0 1 1 1 0 1 1 1 1 0 1 1 0 0 1 1 1 1 1 1 1 1 1 1 1 0 1 0 1 1 1 0 0 0 1 1 1 0 1 1 0 1 1 0 1 
0 0 0 0 0 0 0 0 0 0 0 0 0 0 0 0 0 0 0 0 0 0 0 0 0 0 0 0 0 0 0 0 0 0 0 0 0 0 0 0 0 0 0 0 0 0 0 0 0 0 0 0 0 0 0 0 0 0 0 0 0 0 0 0 0 0 0 0 0 0 0 0 0 0 0 0 0 0 0 0 0 0 0 0 0 0 0 0 0 0 0 0 0 0 0 0 0 0 0 0 0 0 0 0 0 0 0 0 0 0 0 0 0 0 0 0 0 0 0 0 
1 1 1 1 1 1 0 1 1 0 1 1 0 1 1 0 1 1 1 0 0 0 1 1 1 1 0 1 1 1 1 1 0 1 0 1 1 1 1 1 1 0 1 1 1 1 1 1 1 0 1 0 1 0 1 0 1 1 0 1 0 1 1 0 1 1 1 0 1 0 0 1 0 0 0 0 1 1 1 0 1 1 1 1 0 1 1 0 0 1 1 1 1 1 1 1 1 1 1 1 0 1 0 1 1 1 0 0 0 1 1 1 0 1 1 0 1 1 0 1 
1 1 1 1 1 1 0 1 1 0 1 1 0 1 0 0 1 1 1 0 0 0 1 1 1 1 0 1 1 1 1 1 0 1 0 1 1 1 1 1 1 0 1 1 1 1 1 1 1 0 1 0 1 0 1 0 1 1 0 1 0 1 1 0 1 1 1 0 1 0 0 0 0 0 0 0 1 1 1 0 1 1 1 1 0 1 1 0 0 1 1 1 1 1 1 1 1 1 1 1 0 1 0 1 1 1 0 0 0 1 1 1 0 1 1 0 1 1 0 1 
0 0 0 0 0 0 0 0 0 0 0 0 0 0 0 0 0 0 0 0 0 0 0 0 0 0 0 0 0 0 0 0 0 0 0 0 0 0 0 0 0 0 0 0 0 0 0 0 1 0 0 0 0 0 0 0 0 0 0 0 0 0 0 0 0 0 0 0 0 0 0 0 0 0 0 0 0 0 0 0 0 0 0 0 0 0 0 0 0 0 0 0 0 0 0 0 0 0 0 0 0 0 0 0 0 0 0 0 0 0 0 0 0 0 0 0 0 0 0 0 
0 0 0 0 0 0 0 0 0 0 0 0 0 0 0 0 0 0 0 0 0 0 0 0 0 0 0 0 0 0 0 0 0 0 0 0 0 0 0 0 0 0 0 0 0 0 0 0 0 0 0 0 0 0 0 0 0 0 0 0 0 0 0 0 0 0 0 0 0 0 0 0 0 0 0 0 0 0 0 0 0 0 0 0 0 0 0 0 0 0 0 0 0 0 0 0 0 0 0 0 0 0 0 0 0 0 0 0 0 0 0 0 0 0 0 0 0 0 0 0 
1 1 1 1 1 1 0 1 1 0 1 1 0 1 0 0 1 1 1 0 0 0 1 1 1 1 0 1 1 1 1 1 0 1 0 1 1 1 1 1 1 0 1 1 1 1 1 1 1 0 1 0 1 0 1 1 1 1 0 1 0 1 1 0 1 1 1 0 1 0 0 1 0 0 0 1 1 1 1 0 1 1 1 1 1 1 1 0 0 1 1 1 1 1 1 1 1 1 1 1 0 1 0 1 1 1 1 0 0 1 1 1 0 1 1 0 1 1 0 1 
0 0 0 0 0 0 0 0 0 0 0 0 0 0 0 0 0 0 0 0 0 0 0 0 0 0 0 0 0 0 0 0 0 0 0 0 0 0 0 0 0 0 0 0 0 0 0 0 0 0 0 0 0 0 0 0 0 0 0 0 0 0 0 0 0 0 0 0 0 0 0 0 0 0 0 0 0 0 0 0 0 0 0 0 0 0 0 0 0 0 0 0 0 0 0 0 0 0 0 0 0 0 0 0 0 0 0 0 0 0 0 0 0 0 0 0 0 0 0 0 
1 1 1 1 1 1 0 1 1 0 1 1 0 1 0 0 1 1 1 0 0 0 1 1 1 1 0 1 1 1 1 1 0 1 0 1 1 1 1 1 1 0 1 1 1 1 1 1 1 0 1 0 1 0 1 0 1 1 0 1 0 1 1 0 1 1 1 0 1 0 0 1 0 0 0 0 0 1 1 0 1 1 1 1 0 1 1 0 0 1 1 1 1 1 1 1 1 1 1 1 0 1 0 1 1 1 0 0 0 1 1 1 0 1 1 0 1 1 0 1 
1 1 1 1 1 1 0 1 1 0 1 1 0 1 0 0 1 1 1 0 0 0 1 1 1 1 0 1 1 1 1 1 0 1 0 1 1 1 1 1 1 0 1 1 1 1 1 1 1 0 1 0 1 0 1 0 1 1 0 1 0 1 1 0 1 1 1 0 1 0 0 1 0 0 0 0 1 0 1 0 1 1 1 1 0 1 1 0 0 1 1 1 1 1 1 1 1 1 1 1 0 1 0 1 1 1 0 0 0 1 1 1 0 1 1 0 1 1 0 1 
0 0 0 0 0 0 0 0 0 0 0 0 0 0 0 0 0 0 0 0 0 0 0 0 0 0 0 0 0 0 0 0 0 0 0 0 0 0 0 0 0 0 0 0 0 0 0 0 0 0 0 0 0 0 0 0 0 0 0 0 0 0 0 0 0 0 0 0 0 0 0 0 0 0 0 0 0 0 0 0 0 0 0 0 0 0 0 0 0 0 0 0 0 0 0 0 0 0 0 0 0 0 0 0 0 0 0 0 0 0 0 0 0 0 0 0 0 0 0 0 
1 1 1 1 1 1 0 1 1 0 1 1 0 1 0 0 1 1 1 0 0 0 1 1 1 1 0 1 1 1 1 1 0 1 0 1 1 1 1 1 1 0 1 1 1 1 1 1 1 0 1 0 1 0 1 0 1 1 0 1 0 1 1 0 1 1 1 0 1 0 0 1 0 0 0 0 1 1 1 0 1 1 1 1 0 1 1 0 0 1 1 1 1 1 1 1 1 1 1 1 0 1 0 1 1 1 0 0 0 1 1 1 0 1 1 0 1 1 0 1 
0 0 0 0 0 0 0 0 0 0 0 0 0 0 0 0 0 0 0 0 0 0 0 0 0 0 0 0 0 0 0 1 0 0 0 0 0 0 0 0 0 0 0 0 1 0 0 1 0 0 0 0 0 0 0 0 0 0 0 0 0 0 0 0 0 0 0 0 0 0 0 0 0 0 0 0 0 0 0 0 0 0 0 0 0 0 0 0 0 0 0 0 0 0 0 0 0 0 0 0 0 0 0 0 0 0 0 0 0 0 0 0 0 0 0 0 0 0 0 0 
0 0 0 0 0 0 0 0 0 0 0 0 0 0 0 0 0 0 0 0 0 0 0 0 0 0 0 0 0 0 0 0 0 0 0 0 0 0 0 0 0 0 0 0 0 0 0 0 0 0 0 0 0 0 0 0 0 0 0 0 0 0 0 0 0 0 0 0 0 0 0 0 0 0 0 0 0 0 0 0 0 0 0 0 0 0 0 0 0 0 0 0 0 0 0 0 0 0 0 0 0 0 0 0 0 0 0 0 0 0 0 0 0 0 0 0 0 0 0 0 
1 1 1 1 1 1 0 1 1 0 1 1 0 1 0 0 1 1 1 0 0 0 1 1 1 1 0 1 1 1 1 1 0 1 0 1 1 1 1 1 1 0 1 1 1 1 1 1 1 0 1 0 1 0 1 0 1 1 0 1 0 1 1 0 1 1 1 0 1 0 0 1 0 0 0 0 1 1 1 0 1 1 0 1 0 1 1 0 0 1 1 1 1 1 1 1 1 1 1 1 0 1 0 1 1 1 0 0 0 1 1 1 0 1 1 0 1 1 0 1 
0 0 0 0 0 0 0 0 0 0 0 0 0 0 0 0 0 0 0 0 0 0 0 0 0 0 0 0 0 0 0 0 0 0 0 0 0 0 0 0 0 0 0 0 0 0 0 0 0 0 0 0 0 0 0 0 0 0 0 0 0 0 0 0 0 0 0 0 0 0 0 0 0 0 0 0 0 0 0 0 0 0 0 0 0 0 0 0 0 0 0 0 0 0 0 0 0 0 0 0 0 0 0 0 0 0 0 0 0 0 0 0 0 0 0 0 0 0 0 0 
1 1 1 1 1 1 0 1 1 0 1 1 0 1 0 0 1 1 1 0 0 0 1 1 1 1 0 1 1 1 1 1 0 1 0 1 1 1 1 1 1 0 1 1 1 1 1 1 1 0 1 0 1 0 1 0 1 1 0 1 0 1 1 0 1 1 1 0 1 0 0 1 0 0 0 0 1 1 1 0 1 1 1 1 0 1 1 0 0 1 1 1 1 1 1 1 1 1 1 1 0 1 0 1 1 1 0 0 0 1 1 1 0 1 1 0 1 1 0 1 
1 1 1 1 1 1 0 1 1 0 1 1 0 1 0 0 1 1 1 0 0 0 1 1 1 1 0 1 1 1 1 1 0 1 0 1 1 1 1 1 1 0 1 1 1 1 1 1 1 0 1 0 1 0 1 0 1 1 0 1 0 1 1 0 1 1 1 0 1 0 0 1 0 0 0 0 1 1 1 0 1 1 1 1 0 0 1 0 0 1 1 1 1 1 1 1 1 1 1 1 0 1 0 1 1 1 0 0 0 1 1 1 0 1 1 0 1 1 0 1 
1 1 1 1 1 1 0 1 1 0 1 1 0 1 0 0 1 1 1 0 0 0 1 1 1 1 0 1 1 1 1 1 0 1 0 1 1 1 1 1 1 0 1 1 1 1 1 1 1 0 1 0 1 0 1 0 1 1 0 1 0 1 1 0 1 1 1 0 1 0 0 1 0 0 0 0 1 1 1 0 1 1 1 1 0 1 0 0 0 1 1 1 1 1 1 1 1 1 1 1 0 1 0 1 1 1 0 0 0 1 1 1 0 1 1 0 1 1 0 1 
0 0 0 0 0 0 0 0 0 0 0 0 0 0 0 0 0 0 0 0 0 0 0 0 0 0 0 0 0 0 0 0 0 0 0 0 0 0 0 0 0 0 0 0 0 0 0 0 0 0 0 0 0 0 0 0 0 0 0 0 0 0 0 0 0 0 0 0 0 0 0 0 0 0 0 0 0 0 0 0 0 0 0 0 0 0 0 0 0 0 0 0 0 0 0 0 0 0 0 0 0 0 0 0 0 0 0 0 0 0 0 0 0 0 0 0 0 0 0 0 
1 1 1 1 1 1 0 1 1 0 1 1 0 1 0 0 1 1 1 0 0 0 1 1 1 1 0 1 1 1 1 1 0 1 0 1 1 1 1 1 1 0 1 1 1 1 1 1 1 1 1 0 1 0 1 0 1 1 0 1 0 1 1 0 1 1 1 0 1 0 0 1 0 0 0 0 1 1 1 0 1 1 1 1 0 1 1 0 0 1 1 1 1 1 1 1 1 1 1 1 0 1 0 1 1 1 0 0 0 1 1 1 0 1 1 0 1 1 0 1 
0 0 0 0 0 0 0 0 0 0 0 0 0 0 0 0 0 0 0 0 0 0 0 0 0 0 0 0 0 0 0 0 0 0 0 0 0 0 0 0 0 0 0 0 0 0 0 0 0 0 0 0 0 0 0 0 0 0 0 0 0 0 0 0 0 0 0 0 0 0 0 0 0 0 0 0 0 0 0 0 0 0 0 0 0 0 0 0 0 0 0 0 0 0 0 0 0 0 0 0 0 0 0 0 0 0 0 0 0 0 0 0 0 0 0 0 0 0 0 0 
1 1 1 1 1 1 0 1 1 0 1 1 0 1 0 0 1 1 1 0 0 0 1 1 1 1 0 1 1 1 1 1 0 1 0 1 1 1 1 1 1 0 1 1 1 1 1 1 1 0 1 0 1 0 1 0 1 1 0 1 0 1 1 0 1 1 1 0 1 0 0 1 0 0 0 0 1 1 1 0 1 1 1 1 0 1 1 0 0 1 0 1 1 1 1 1 1 1 1 1 0 1 0 1 1 1 0 0 0 1 1 1 0 1 1 0 1 1 0 1 
1 0 0 0 0 0 0 0 0 0 0 0 0 0 0 0 0 0 0 0 0 0 0 0 0 0 0 0 0 0 0 0 0 0 0 0 0 0 0 0 0 0 0 0 0 0 0 0 0 0 0 0 0 0 1 0 0 0 0 0 0 0 0 0 0 0 0 0 0 0 0 0 0 0 0 0 0 0 0 0 0 0 0 0 0 0 0 0 0 1 0 0 0 0 0 0 0 0 0 0 0 0 0 0 0 0 0 0 0 0 0 1 0 0 0 0 0 0 0 0 
1 1 1 1 1 1 0 1 1 0 1 1 0 1 0 0 1 1 1 0 0 0 1 1 1 1 0 1 1 1 1 1 0 1 0 1 1 1 1 1 1 0 1 1 1 1 1 1 1 0 1 0 1 0 1 0 1 1 0 1 0 1 1 0 1 1 1 0 1 0 0 1 0 0 0 0 1 1 1 0 1 1 1 1 0 1 1 0 0 1 1 1 0 1 1 1 1 1 1 1 0 1 0 1 1 1 0 0 0 1 1 1 0 1 1 0 1 1 0 1 
1 1 1 1 1 1 0 1 1 0 1 1 0 1 0 0 1 1 1 0 0 0 1 1 1 1 0 1 1 1 1 1 0 1 0 1 1 1 1 1 1 0 1 1 1 1 1 1 1 0 1 0 1 0 1 0 1 1 0 1 0 1 1 0 1 1 1 0 1 0 0 1 0 0 0 0 1 1 1 0 1 1 1 1 0 1 1 0 0 1 1 1 1 0 1 1 1 1 1 1 0 1 0 1 1 1 0 0 0 1 1 1 0 1 1 0 1 1 0 1 
0 0 0 0 0 0 0 0 0 0 0 0 0 0 0 0 0 0 0 0 0 0 0 0 0 0 0 0 0 0 0 0 0 0 0 0 0 0 0 0 0 0 0 0 0 0 0 0 0 0 0 0 0 0 0 0 0 0 0 0 0 0 0 0 0 0 0 0 0 0 0 0 0 0 0 0 0 0 0 0 0 0 0 0 0 0 0 0 0 0 0 0 0 0 0 0 0 0 0 0 0 0 0 0 0 0 0 0 0 0 0 0 0 0 0 0 0 0 0 0 
0 0 0 0 0 0 0 0 0 0 0 0 0 0 0 0 0 0 0 0 0 0 0 0 0 0 0 0 0 0 0 0 0 0 0 0 0 0 0 0 0 0 0 0 0 0 0 0 0 0 0 0 0 0 0 0 0 0 0 0 0 0 0 0 0 0 0 0 0 0 0 0 0 0 0 0 0 0 0 0 0 0 0 0 0 0 0 0 0 0 0 0 0 0 0 0 0 0 0 0 0 0 0 0 0 0 0 0 0 0 0 0 0 0 0 0 0 0 0 0 
1 0 0 0 0 0 0 0 0 0 0 0 0 0 0 0 0 0 0 0 0 0 0 0 0 0 0 0 0 0 0 0 0 0 0 0 0 0 0 0 0 0 0 0 0 0 0 0 0 0 0 0 0 0 1 0 0 0 0 0 0 0 0 0 0 0 0 0 0 0 0 0 0 0 0 0 0 0 0 0 0 0 0 0 0 0 0 0 0 1 0 0 0 0 0 0 0 0 0 0 0 0 0 0 0 0 0 0 0 0 0 1 0 0 0 0 0 0 0 0 
1 1 1 1 1 1 0 1 1 0 1 1 0 1 0 0 1 1 1 0 0 0 1 1 1 1 0 1 1 1 1 1 0 1 0 1 1 1 1 1 1 0 1 1 1 1 1 1 1 0 1 0 1 0 1 0 1 1 0 1 0 1 1 0 1 1 1 0 1 0 0 1 0 0 0 0 1 1 1 0 1 1 1 1 0 1 1 0 0 1 1 1 1 1 1 1 1 0 1 1 0 1 0 1 1 1 0 0 0 1 1 1 0 1 1 0 1 1 0 1 
0 0 0 0 0 0 0 0 0 0 0 0 0 0 0 0 0 0 0 0 0 0 0 0 0 0 0 0 0 0 0 0 0 0 0 0 0 0 0 0 0 0 0 0 1 0 0 0 0 0 0 0 0 0 0 0 0 0 0 0 0 0 0 0 0 0 0 0 0 0 0 0 0 0 0 0 0 0 0 0 0 0 0 0 0 0 0 0 0 0 0 0 0 0 0 0 0 0 0 0 0 0 0 0 0 0 0 0 0 0 0 0 0 0 0 0 0 0 0 0 
1 1 1 1 1 1 0 1 1 0 1 1 0 1 0 0 1 1 1 0 0 0 1 1 1 1 0 1 1 1 1 1 0 1 0 1 1 1 1 1 1 0 1 1 1 1 1 1 1 0 1 0 1 0 1 0 1 1 0 1 0 1 1 0 1 1 1 0 1 0 0 1 0 0 0 0 1 1 1 0 1 1 1 1 0 1 1 0 0 1 1 1 1 1 1 1 1 1 1 0 0 1 0 1 1 1 0 0 0 1 1 1 0 1 1 0 1 1 0 1 
1 1 1 1 1 1 0 1 1 0 1 1 0 1 0 0 1 1 1 0 0 0 1 1 1 1 0 1 1 1 1 1 0 1 0 1 1 1 1 1 1 0 1 1 1 1 1 1 1 0 1 0 1 0 1 0 1 1 0 1 0 1 1 0 1 1 1 0 1 0 0 1 0 0 0 0 1 1 1 0 1 1 1 1 0 1 1 0 0 1 1 1 1 1 1 1 1 1 1 1 0 1 0 1 1 1 0 0 0 1 1 1 0 1 1 0 1 1 0 1 
1 1 1 1 1 1 0 1 1 0 1 1 0 1 0 0 1 1 1 0 0 0 1 1 1 1 0 1 1 1 1 1 0 1 0 1 1 1 1 1 1 0 1 1 1 1 1 1 1 0 1 0 1 0 1 0 1 1 0 1 0 1 1 0 1 1 1 0 1 0 0 1 0 0 0 0 1 1 1 0 1 1 1 1 0 1 1 0 0 1 1 1 1 1 1 1 1 1 1 1 0 0 0 1 1 1 0 0 0 1 1 1 0 1 1 0 1 1 0 1 
0 0 0 0 0 0 0 0 0 0 0 0 0 0 0 0 0 0 0 0 0 0 0 0 0 0 0 0 0 0 0 0 0 0 0 0 0 0 0 0 0 0 0 0 0 0 0 0 0 0 0 0 0 0 0 0 0 0 0 0 0 0 0 0 0 0 0 0 0 0 0 0 0 0 0 0 0 0 0 0 0 0 0 0 0 0 0 0 0 0 0 0 0 0 0 0 0 0 0 0 0 0 0 0 0 0 0 0 0 0 0 0 0 0 0 0 0 0 0 0 
0 0 0 0 0 0 0 0 0 0 0 0 0 0 0 0 0 0 0 0 0 0 0 0 0 0 0 0 0 0 0 1 0 0 0 0 0 0 0 0 0 0 0 0 1 0 0 1 0 0 0 0 0 0 0 0 0 0 0 0 0 0 0 0 0 0 0 0 0 0 0 0 0 0 0 0 0 0 0 0 1 0 0 0 0 0 0 0 0 0 0 0 0 0 0 0 0 0 0 0 0 0 0 0 0 0 0 0 0 0 0 0 0 0 0 0 0 0 0 0 
1 1 1 1 1 1 0 1 1 0 1 1 0 1 0 0 1 1 1 0 0 0 1 1 1 1 0 1 1 1 1 1 0 1 0 1 1 1 1 1 1 0 1 1 1 1 1 1 1 0 1 0 1 0 1 0 1 1 0 1 0 1 1 0 1 1 1 0 1 0 0 1 0 0 0 0 1 1 1 0 1 1 1 1 0 1 1 0 0 1 1 1 1 1 1 1 1 1 1 1 0 1 0 1 0 1 0 0 0 1 1 1 0 1 1 0 1 1 0 1 
1 1 1 1 1 1 0 1 1 0 1 1 0 1 0 0 1 1 1 0 0 0 1 1 1 1 0 1 1 1 1 1 0 1 0 1 1 1 1 1 1 0 1 1 1 1 1 1 1 0 1 0 1 0 1 0 1 1 0 1 0 1 1 0 1 1 1 0 1 0 0 1 0 0 0 0 1 1 1 0 1 1 1 1 0 1 1 0 0 1 1 1 1 1 1 1 1 1 1 1 0 1 0 1 1 0 0 0 0 1 1 1 0 1 1 0 1 1 0 1 
0 0 0 0 0 0 0 0 0 0 0 0 0 0 0 0 0 0 0 0 0 0 0 0 0 0 0 0 0 0 0 0 0 0 0 0 0 0 0 0 0 0 0 0 0 0 0 0 0 0 0 0 0 0 0 0 0 0 0 0 0 0 0 0 0 0 0 0 0 0 0 0 0 0 0 0 0 0 0 0 0 0 0 0 0 0 0 0 0 0 0 0 0 0 0 0 0 0 0 0 0 0 0 0 0 0 0 0 0 0 0 0 0 0 0 0 0 0 0 0 
1 1 1 1 1 1 0 1 1 0 1 1 0 1 0 0 1 1 1 0 0 0 1 1 1 1 0 1 1 1 1 1 0 1 0 1 1 1 1 1 1 0 1 1 1 1 1 1 1 0 1 0 1 0 1 0 1 1 0 1 0 1 1 0 1 1 1 0 1 0 0 1 0 0 0 0 1 1 1 0 1 1 1 1 0 1 1 0 0 1 1 1 1 1 1 1 1 1 1 1 0 1 0 1 1 1 0 0 0 1 1 1 0 1 1 0 1 1 0 1 
1 1 1 1 1 1 0 1 1 0 1 1 0 1 0 0 1 1 1 0 0 0 1 1 1 1 0 1 1 1 1 1 0 1 0 1 1 1 1 1 1 0 1 1 1 1 1 1 1 0 1 0 1 0 1 0 1 1 0 1 0 1 1 0 1 1 1 0 1 0 0 1 0 0 0 0 1 1 1 0 1 1 1 1 0 1 1 0 0 1 1 1 1 1 1 1 1 1 1 1 0 1 0 1 1 1 1 0 0 1 1 1 0 1 1 0 1 1 0 1 
0 0 0 0 0 0 0 0 0 0 0 0 0 0 0 0 0 0 0 0 0 0 0 0 0 0 0 0 0 0 0 0 0 0 0 0 0 0 0 0 0 0 0 0 0 0 0 0 0 0 0 0 0 0 0 0 0 0 0 0 0 0 0 0 0 0 0 0 0 0 0 0 0 0 0 0 0 0 0 0 0 0 0 0 0 0 0 0 0 0 0 0 0 0 0 0 0 0 0 0 0 0 0 0 0 0 0 0 0 0 0 0 0 0 0 0 0 0 0 0 
1 1 1 1 1 1 0 1 1 0 1 1 0 1 0 0 1 1 1 0 0 0 1 1 1 1 0 1 1 1 1 1 0 1 0 1 1 1 1 1 1 0 1 1 1 1 1 1 1 0 1 0 1 0 1 0 1 1 0 1 0 1 1 0 1 1 1 0 1 0 0 1 0 0 0 0 1 1 1 0 1 1 1 1 0 1 1 0 0 1 1 1 1 1 1 1 1 1 1 1 0 1 0 1 1 1 0 0 0 1 0 1 0 1 1 0 1 1 0 1 
1 0 0 0 0 0 0 0 0 0 0 0 0 0 0 0 0 0 0 0 0 0 0 0 0 0 0 0 0 0 0 0 0 0 0 0 0 0 0 0 0 0 0 0 0 0 0 0 0 0 0 0 0 0 0 0 0 0 0 0 0 0 0 0 0 0 0 0 0 0 0 0 0 0 0 0 0 0 0 0 0 0 0 0 0 0 0 0 0 0 0 0 0 0 0 0 0 0 0 0 0 0 0 0 0 0 0 0 0 0 0 0 0 0 0 0 0 0 0 0 
1 1 1 1 1 1 0 1 1 0 1 1 0 1 0 0 1 1 1 0 0 0 1 1 1 1 0 1 1 1 1 1 0 1 0 1 1 1 1 1 1 0 1 1 1 1 1 1 1 0 1 0 1 0 1 0 1 1 0 1 0 1 1 0 1 1 1 0 1 0 0 1 0 0 0 0 1 1 1 0 1 1 1 1 0 1 1 0 0 1 1 1 1 1 1 1 1 1 1 1 0 1 0 1 1 1 0 0 0 1 1 1 0 1 1 0 1 1 0 1 
0 0 0 0 0 0 0 0 0 0 0 0 0 0 0 0 0 0 0 0 0 0 0 0 0 0 0 0 0 0 0 0 0 0 0 0 0 0 0 0 0 0 0 0 0 0 0 0 0 0 0 0 0 0 0 0 0 0 0 0 0 0 0 0 0 0 0 0 0 0 0 0 0 0 0 0 0 0 0 0 0 0 0 0 0 0 0 0 0 0 0 0 0 0 0 0 0 0 0 0 0 0 0 0 0 0 0 0 0 0 0 0 0 0 0 0 0 0 0 0 
1 1 1 1 1 1 0 1 1 0 1 1 0 1 0 0 1 1 1 0 0 0 1 1 1 1 0 1 1 1 1 1 0 1 0 1 1 1 1 1 1 0 1 1 1 1 1 1 1 0 1 0 1 0 1 0 1 1 0 1 0 1 1 0 1 1 1 0 1 0 0 1 0 0 0 0 1 1 1 0 1 1 1 1 0 1 1 0 0 1 1 1 1 1 1 1 1 1 1 1 0 1 0 1 1 1 0 0 0 1 1 1 0 1 0 0 1 1 0 1 
1 1 1 1 1 1 0 1 1 0 1 1 0 1 0 0 1 1 1 0 0 0 1 1 1 1 0 1 1 1 1 1 0 1 0 1 1 1 1 1 1 0 1 1 1 1 1 1 1 0 1 0 1 0 1 0 1 1 0 1 0 1 1 0 1 1 1 0 1 0 0 1 0 0 0 0 1 1 1 0 1 1 1 1 0 1 1 0 0 1 1 1 1 1 1 1 1 1 1 1 0 1 0 1 1 1 0 0 0 1 1 1 0 1 1 0 1 1 0 1 
1 1 1 1 1 1 0 1 1 0 1 1 0 1 0 0 1 1 1 0 0 0 1 1 1 1 0 1 1 1 1 1 0 1 0 1 1 1 1 1 1 0 1 1 1 1 1 1 1 0 1 0 1 0 1 0 1 1 0 1 0 1 1 0 1 1 1 0 1 0 0 1 0 0 0 0 1 1 1 0 1 1 1 1 0 1 1 0 0 1 1 1 1 1 1 1 1 1 1 1 0 1 0 1 1 1 0 0 0 1 1 1 0 1 1 0 0 1 0 1 
1 1 1 1 1 1 0 1 1 0 1 1 0 1 0 0 1 1 1 0 0 0 1 1 1 1 0 1 1 1 1 1 0 1 0 1 1 1 1 1 1 0 1 1 1 1 1 1 1 0 1 0 1 0 1 0 1 1 0 1 0 1 1 0 1 1 1 0 1 0 0 1 0 0 0 0 1 1 1 0 1 1 1 1 0 1 1 0 0 1 1 1 1 1 1 1 1 1 1 1 0 1 0 1 1 1 0 0 0 1 1 1 0 1 1 0 1 0 0 1 
1 1 1 1 1 1 0 1 1 0 1 1 0 1 0 0 1 1 1 0 0 0 1 1 1 1 0 1 1 1 1 1 0 1 0 1 1 1 1 1 1 0 1 1 1 1 1 1 1 0 1 0 1 0 1 0 1 1 0 1 0 1 1 0 1 1 1 0 1 0 0 1 0 0 0 0 1 1 1 0 1 1 1 1 0 1 1 0 0 1 1 1 1 1 1 1 1 1 1 1 0 1 0 1 1 1 0 0 0 1 1 1 0 1 1 0 1 1 0 1 
0 0 0 0 0 0 0 0 0 0 0 0 0 0 0 0 0 0 0 0 0 0 0 0 0 0 0 0 0 0 0 0 0 0 0 0 0 0 0 0 0 0 0 0 0 0 0 0 0 0 0 0 0 0 0 0 0 0 0 0 0 0 0 0 0 0 0 0 0 0 0 0 0 0 0 0 0 0 0 0 0 0 0 0 0 0 0 0 0 0 0 0 0 0 0 0 0 0 0 0 0 0 0 0 0 0 0 0 0 1 0 0 0 0 0 0 0 0 0 0 
