# Number of items
120
# Stacking height
6
# Number of stacks
90
# Item name and Appearance
# (0 for I^{fix}, 1 for I^1, 2 for I^2)
   001     0
   002     0
   003     0
   004     0
   005     0
   006     0
   007     0
   008     0
   009     0
   010     0
   011     0
   012     0
   013     0
   014     0
   015     0
   016     0
   017     0
   018     0
   019     0
   020     0
   021     0
   022     0
   023     0
   024     0
   025     0
   026     0
   027     0
   028     0
   029     0
   030     0
   031     1
   032     1
   033     1
   034     1
   035     1
   036     1
   037     1
   038     1
   039     1
   040     1
   041     1
   042     1
   043     1
   044     1
   045     1
   046     1
   047     1
   048     1
   049     1
   050     1
   051     1
   052     1
   053     1
   054     1
   055     1
   056     1
   057     1
   058     1
   059     1
   060     1
   061     1
   062     1
   063     1
   064     1
   065     1
   066     1
   067     1
   068     1
   069     1
   070     1
   071     1
   072     1
   073     1
   074     1
   075     1
   076     1
   077     1
   078     1
   079     1
   080     1
   081     1
   082     1
   083     1
   084     1
   085     2
   086     2
   087     2
   088     2
   089     2
   090     2
   091     2
   092     2
   093     2
   094     2
   095     2
   096     2
   097     2
   098     2
   099     2
   100     2
   101     2
   102     2
   103     2
   104     2
   105     2
   106     2
   107     2
   108     2
   109     2
   110     2
   111     2
   112     2
   113     2
   114     2
   115     2
   116     2
   117     2
   118     2
   119     2
   120     2
# Positions of Ifix-items in the format (itemName, stack, level)
   001     1     5
   002     6     1
   003     2     2
   004     8     3
   005     1     1
   006    10     1
   007     5     1
   008     4     3
   009    11     1
   010     1     3
   011     4     2
   012     2     1
   013     1     2
   014     8     1
   015     3     2
   016     3     1
   017     7     2
   018     1     4
   019     5     2
   020     9     1
   021     2     3
   022     3     3
   023     6     2
   024     7     3
   025     5     3
   026     7     1
   027     2     4
   028     8     2
   029     4     1
   030     6     3
# Stacking matrix
# Info: number of 1-entries = 5749, density = 0.40
0 1 1 1 1 0 1 0 0 1 0 1 1 1 1 1 1 1 1 0 1 1 1 1 1 1 0 1 1 1 1 1 1 0 1 1 0 1 0 1 0 0 0 0 0 1 0 0 1 1 1 1 1 0 1 1 1 1 0 1 1 0 1 0 0 0 1 0 0 1 0 1 1 0 0 0 1 0 0 1 1 1 1 1 1 1 0 1 1 0 1 0 1 0 1 1 0 1 0 0 1 1 1 0 0 1 1 1 0 0 0 0 1 1 1 0 0 1 0 1 
1 0 1 1 1 0 1 0 0 1 0 1 1 1 1 1 1 1 1 0 1 1 1 1 1 1 0 1 1 1 1 1 1 0 1 1 0 1 0 1 0 0 0 0 0 1 0 0 1 1 1 1 1 0 1 1 1 1 0 1 1 0 1 0 0 0 1 0 0 1 0 1 1 0 0 0 1 0 0 1 1 1 1 1 1 1 0 1 1 0 1 0 1 0 1 1 0 1 0 0 1 1 1 0 0 1 1 1 0 0 0 0 1 1 1 0 0 1 0 1 
1 1 0 1 1 0 1 0 0 1 0 1 1 1 1 1 1 1 1 0 1 1 1 1 1 1 0 1 1 1 1 1 1 0 1 1 0 1 0 1 0 0 0 0 0 1 0 0 1 1 1 1 1 0 1 1 1 1 0 1 1 0 1 0 0 0 1 0 0 1 0 1 1 0 0 0 1 0 0 1 1 1 1 1 1 1 0 1 1 0 1 0 1 0 1 1 0 1 0 0 1 1 1 0 0 1 1 1 0 0 0 0 1 1 1 0 0 1 0 1 
1 1 1 0 1 0 1 0 0 1 0 1 1 1 1 1 1 1 1 0 1 1 1 1 1 1 0 1 1 1 1 1 1 0 1 1 0 1 0 1 0 0 0 0 0 1 0 0 1 1 1 1 1 0 1 1 1 1 0 1 1 0 1 0 0 0 1 0 0 1 0 1 1 0 0 0 1 0 0 1 1 1 1 1 1 1 0 1 1 0 1 0 1 0 1 1 0 1 0 0 1 1 1 0 0 1 1 1 0 0 0 0 1 1 1 0 0 1 0 1 
1 1 1 1 0 0 1 0 0 1 0 1 1 1 1 1 1 1 1 0 1 1 1 1 1 1 0 1 1 1 1 1 1 0 1 1 0 1 0 1 0 0 0 0 0 1 0 0 1 1 1 1 1 0 1 1 1 1 0 1 1 0 1 0 0 0 1 0 0 1 0 1 1 0 0 0 1 0 0 1 1 1 1 1 1 1 0 1 1 0 1 0 1 0 1 1 0 1 0 0 1 1 1 0 0 1 1 1 0 0 0 0 1 1 1 0 0 1 0 1 
1 1 1 1 1 0 1 0 0 1 0 1 1 1 1 1 1 1 1 0 1 1 1 1 1 1 0 1 1 1 1 1 1 1 1 1 0 1 0 1 0 0 0 0 0 1 0 0 1 1 1 1 1 0 1 1 1 1 0 1 1 0 1 0 0 0 1 0 0 1 0 1 1 0 0 0 1 0 0 1 1 1 1 1 1 1 0 1 1 0 1 0 1 0 1 1 0 1 0 0 1 1 1 0 0 1 1 1 0 0 0 0 1 1 1 0 0 1 0 1 
1 1 1 1 1 0 0 0 0 1 0 1 1 1 1 1 1 1 1 0 1 1 1 1 1 1 0 1 1 1 1 1 1 0 1 1 0 1 0 1 0 0 0 0 0 1 0 0 1 1 1 1 1 0 1 1 1 1 0 1 1 0 1 0 0 0 1 0 0 1 0 1 1 0 0 0 1 0 0 1 1 1 1 1 1 1 0 1 1 0 1 0 1 0 1 1 0 1 0 0 1 1 1 0 0 1 1 1 0 0 0 0 1 1 1 0 0 1 0 1 
1 1 1 1 1 0 1 0 0 1 1 1 1 1 1 1 1 1 1 0 1 1 1 1 1 1 0 1 1 1 1 1 1 0 1 1 0 1 0 1 0 0 0 0 0 1 0 0 1 1 1 1 1 0 1 1 1 1 0 1 1 0 1 0 0 0 1 0 0 1 0 1 1 0 0 0 1 0 0 1 1 1 1 1 1 1 0 1 1 0 1 0 1 0 1 1 0 1 0 0 1 1 1 0 0 1 1 1 0 0 0 0 1 1 1 0 0 1 0 1 
0 0 0 0 0 0 0 0 0 0 0 0 0 0 0 0 0 0 0 0 0 0 0 0 0 0 0 0 0 0 0 0 0 0 0 0 0 0 0 0 0 0 0 0 0 0 0 0 0 0 0 0 0 0 0 0 0 0 0 0 0 0 0 0 0 0 0 0 0 0 0 0 0 0 0 0 0 0 0 0 0 0 0 0 0 0 0 0 0 0 0 0 0 0 0 0 0 0 0 0 0 0 0 0 0 0 0 0 0 0 0 0 0 0 0 0 0 0 0 0 
1 1 1 1 1 0 1 0 0 0 0 1 1 1 1 1 1 1 1 0 1 1 1 1 1 1 0 1 1 1 1 1 1 0 1 1 0 1 0 1 0 0 0 0 0 1 0 0 1 1 1 1 1 0 1 1 1 1 0 1 1 0 1 0 0 0 1 0 0 1 0 1 1 0 0 0 1 0 0 1 1 1 1 1 1 1 0 1 1 0 1 0 1 0 1 1 0 1 0 0 1 1 1 0 0 1 1 1 0 0 0 0 1 1 1 0 0 1 0 1 
1 1 1 1 1 0 1 0 0 1 0 1 1 1 1 1 1 1 1 0 1 1 1 1 1 1 0 1 1 1 1 1 1 0 1 1 0 1 0 1 0 0 0 0 0 1 0 0 1 1 1 1 1 0 1 1 1 1 0 1 1 0 1 0 0 0 1 0 0 1 0 1 1 0 0 0 1 0 0 1 1 1 1 1 1 1 0 1 1 0 1 0 1 0 1 1 0 1 0 0 1 1 1 0 0 1 1 1 0 0 0 0 1 1 1 0 0 1 0 1 
0 0 0 0 0 0 0 0 0 0 0 0 0 0 0 0 0 0 0 0 0 0 0 0 0 0 0 0 0 0 0 0 0 0 0 0 0 0 0 0 0 0 0 0 0 0 0 0 0 0 0 0 0 0 0 0 0 0 0 0 0 0 0 0 0 0 0 0 0 0 0 0 0 0 0 0 0 0 0 0 0 0 0 0 0 0 0 0 0 0 0 0 0 0 0 0 0 0 0 0 0 0 0 0 0 0 0 0 0 0 0 0 0 0 0 0 0 0 0 0 
1 1 1 1 1 0 1 0 0 1 0 1 0 1 1 1 1 1 1 0 1 1 1 1 1 1 0 1 1 1 1 1 1 0 1 1 0 1 0 1 0 0 0 0 0 1 0 0 1 1 1 1 1 0 1 1 1 1 0 1 1 0 1 0 0 0 1 0 0 1 0 1 1 0 0 0 1 0 0 1 1 1 1 1 1 1 0 1 1 0 1 0 1 0 1 1 0 1 0 0 1 1 1 0 0 1 1 1 0 0 0 0 1 1 1 0 0 1 0 1 
1 1 1 1 1 0 1 0 0 1 0 1 1 0 1 1 1 1 1 0 1 1 1 1 1 1 0 1 1 1 1 1 1 0 1 1 0 1 0 1 0 0 0 0 0 1 0 0 1 1 1 1 1 0 1 1 1 1 0 1 1 0 1 0 0 0 1 0 0 1 0 1 1 0 0 0 1 0 0 1 1 1 1 1 1 1 0 1 1 0 1 0 1 0 1 1 0 1 0 0 1 1 1 0 0 1 1 1 0 0 0 0 1 1 1 0 0 1 0 1 
1 1 1 1 1 0 1 0 0 1 0 1 1 1 0 1 1 1 1 0 1 1 1 1 1 1 0 1 1 1 1 1 1 0 1 1 0 1 0 1 0 0 0 0 0 1 0 0 1 1 1 1 1 0 1 1 1 1 0 1 1 0 1 0 0 0 1 0 0 1 0 1 1 0 0 0 1 0 0 1 1 1 1 1 1 1 0 1 1 0 1 0 1 0 1 1 0 1 0 0 1 1 1 0 0 1 1 1 0 0 0 0 1 1 1 0 0 1 0 1 
1 1 1 1 1 0 1 0 0 1 0 1 1 1 1 0 1 1 1 0 1 1 1 1 1 1 0 1 1 1 1 1 1 0 1 1 0 1 0 1 0 0 0 0 0 1 0 0 1 1 1 1 1 0 1 1 1 1 0 1 1 0 1 0 0 0 1 0 0 1 0 1 1 0 0 0 1 0 0 1 1 1 1 1 1 1 0 1 1 0 1 0 1 0 1 1 0 1 0 0 1 1 1 0 0 1 1 1 0 0 0 0 1 1 1 0 0 1 0 1 
1 1 1 1 1 0 1 0 0 1 0 1 1 1 1 1 0 1 1 0 1 1 1 1 1 1 0 1 1 1 1 1 1 0 1 1 0 1 0 1 0 0 0 0 0 1 0 0 1 1 1 1 1 0 1 1 1 1 0 1 1 0 1 0 0 0 1 0 0 1 0 1 1 0 0 0 1 0 0 1 1 1 1 1 1 1 0 1 1 0 1 0 1 0 1 1 0 1 0 0 1 1 1 0 0 1 1 1 0 0 0 0 1 1 1 0 0 1 0 1 
1 1 1 1 1 0 1 0 0 1 0 1 1 1 1 1 1 0 1 0 1 1 1 1 1 1 0 1 1 1 1 1 1 0 1 1 0 1 0 1 0 0 0 0 0 1 0 0 1 1 1 1 1 0 1 1 1 1 0 1 1 0 1 0 0 0 1 0 0 1 0 1 1 0 0 0 1 0 0 1 1 1 1 1 1 1 0 1 1 0 1 0 1 0 1 1 0 1 0 0 1 1 1 0 0 1 1 1 0 0 0 0 1 1 1 0 0 1 0 1 
1 1 1 1 1 0 1 0 0 1 0 1 1 1 1 1 1 1 0 0 1 1 1 1 1 1 0 1 1 1 1 1 1 0 1 1 0 1 0 1 0 0 0 0 0 1 0 0 1 1 1 1 1 0 1 1 1 1 0 1 1 0 1 0 0 0 1 0 0 1 0 1 1 0 0 0 1 0 0 1 1 1 1 1 1 1 0 1 1 0 1 0 1 0 1 1 0 1 0 0 1 1 1 0 0 1 1 1 0 0 0 0 1 1 1 0 0 1 0 1 
1 1 1 1 1 0 1 0 0 1 0 1 1 1 1 1 1 1 1 0 1 1 1 1 1 1 0 1 1 1 1 1 1 0 1 1 0 1 0 1 0 0 0 0 0 1 0 0 1 1 1 1 1 0 1 1 1 1 0 1 1 0 1 0 0 0 1 0 0 1 0 1 1 0 0 1 1 0 0 1 1 1 1 1 1 1 0 1 1 0 1 0 1 0 1 1 0 1 0 0 1 1 1 0 0 1 1 1 0 0 0 0 1 1 1 0 0 1 0 1 
1 1 1 1 1 0 1 0 0 1 0 1 1 1 1 1 1 1 1 0 0 1 1 1 1 1 0 1 1 1 1 1 1 0 1 1 0 1 0 1 0 0 0 0 0 1 0 0 1 1 1 1 1 0 1 1 1 1 0 1 1 0 1 0 0 0 1 0 0 1 0 1 1 0 0 0 1 0 0 1 1 1 1 1 1 1 0 1 1 0 1 0 1 0 1 1 0 1 0 0 1 1 1 0 0 1 1 1 0 0 0 0 1 1 1 0 0 1 0 1 
1 1 1 1 1 0 1 0 0 1 0 1 1 1 1 1 1 1 1 0 1 0 1 1 1 1 0 1 1 1 1 1 1 0 1 1 0 1 0 1 0 0 0 0 0 1 0 0 1 1 1 1 1 0 1 1 1 1 0 1 1 0 1 0 0 0 1 0 0 1 0 1 1 0 0 0 1 0 0 1 1 1 1 1 1 1 0 1 1 0 1 0 1 0 1 1 0 1 0 0 1 1 1 0 0 1 1 1 0 0 0 0 1 1 1 0 0 1 0 1 
1 1 1 1 1 0 1 0 0 1 0 1 1 1 1 1 1 1 1 0 1 1 0 1 1 1 0 1 1 1 1 1 1 0 1 1 0 1 0 1 0 0 0 0 0 1 0 0 1 1 1 1 1 0 1 1 1 1 0 1 1 0 1 0 0 0 1 0 0 1 0 1 1 0 0 0 1 0 0 1 1 1 1 1 1 1 0 1 1 0 1 0 1 0 1 1 0 1 0 0 1 1 1 0 0 1 1 1 0 0 0 0 1 1 1 0 0 1 0 1 
1 1 1 1 1 0 1 0 0 1 0 1 1 1 1 1 1 1 1 0 1 1 1 0 1 1 0 1 1 1 1 1 1 0 1 1 0 1 0 1 0 0 0 0 0 1 0 0 1 1 1 1 1 0 1 1 1 1 0 1 1 0 1 0 0 0 1 0 0 1 0 1 1 0 0 0 1 0 0 1 1 1 1 1 1 1 0 1 1 0 1 0 1 0 1 1 0 1 0 0 1 1 1 0 0 1 1 1 0 0 0 0 1 1 1 0 0 1 0 1 
1 1 1 1 1 0 1 0 0 1 0 1 1 1 1 1 1 1 1 0 1 1 1 1 0 1 0 1 1 1 1 1 1 0 1 1 0 1 0 1 0 0 0 0 0 1 0 0 1 1 1 1 1 0 1 1 1 1 0 1 1 0 1 0 0 0 1 0 0 1 0 1 1 0 0 0 1 0 0 1 1 1 1 1 1 1 0 1 1 0 1 0 1 0 1 1 0 1 0 0 1 1 1 0 0 1 1 1 0 0 0 0 1 1 1 0 0 1 0 1 
1 1 1 1 1 0 1 0 0 1 0 1 1 1 1 1 1 1 1 0 1 1 1 1 1 0 0 1 1 1 1 1 1 0 1 1 0 1 0 1 0 0 0 0 0 1 0 0 1 1 1 1 1 0 1 1 1 1 0 1 1 0 1 0 0 0 1 0 0 1 0 1 1 0 0 0 1 0 0 1 1 1 1 1 1 1 0 1 1 0 1 0 1 0 1 1 0 1 0 0 1 1 1 0 0 1 1 1 0 0 0 0 1 1 1 0 0 1 0 1 
1 1 1 1 1 0 1 0 0 1 0 1 1 1 1 1 1 1 1 0 1 1 1 1 1 1 0 1 1 1 1 1 1 0 1 1 0 1 0 1 0 0 0 0 0 1 0 0 1 1 1 1 1 0 1 1 1 1 0 1 1 0 1 0 0 0 1 0 0 1 0 1 1 0 0 0 1 0 0 1 1 1 1 1 1 1 0 1 1 0 1 0 1 0 1 1 0 1 0 0 1 1 1 0 0 1 1 1 0 0 0 0 1 1 1 0 0 1 0 1 
1 1 1 1 1 0 1 0 0 1 0 1 1 1 1 1 1 1 1 0 1 1 1 1 1 1 0 0 1 1 1 1 1 0 1 1 0 1 0 1 0 0 0 0 0 1 0 0 1 1 1 1 1 0 1 1 1 1 0 1 1 0 1 0 0 0 1 0 0 1 0 1 1 0 0 0 1 0 0 1 1 1 1 1 1 1 0 1 1 0 1 0 1 0 1 1 0 1 0 0 1 1 1 0 0 1 1 1 0 0 0 0 1 1 1 0 0 1 0 1 
1 1 1 1 1 0 1 0 0 1 0 1 1 1 1 1 1 1 1 0 1 1 1 1 1 1 0 1 0 1 1 1 1 0 1 1 0 1 0 1 0 0 0 0 0 1 0 0 1 1 1 1 1 0 1 1 1 1 0 1 1 0 1 0 0 0 1 0 0 1 0 1 1 0 0 0 1 0 0 1 1 1 1 1 1 1 0 1 1 0 1 0 1 0 1 1 0 1 0 0 1 1 1 0 0 1 1 1 0 0 0 0 1 1 1 0 0 1 0 1 
1 1 1 1 1 0 1 0 0 1 0 1 1 1 1 1 1 1 1 0 1 1 1 1 1 1 0 1 1 0 1 1 1 0 1 1 0 1 0 1 0 0 0 0 0 1 0 0 1 1 1 1 1 0 1 1 1 1 0 1 1 0 1 0 0 0 1 0 0 1 0 1 1 0 0 0 1 0 0 1 1 1 1 1 1 1 0 1 1 0 1 0 1 0 1 1 0 1 0 0 1 1 1 0 0 1 1 1 0 0 0 0 1 1 1 0 0 1 0 1 
0 0 0 0 0 0 0 0 0 0 0 0 0 0 0 0 0 0 0 0 0 0 0 0 0 0 0 0 0 0 0 0 0 0 0 0 0 0 0 0 0 0 0 0 0 0 0 0 0 0 0 0 0 0 0 0 0 0 0 0 0 0 0 0 0 0 0 0 0 0 0 0 0 0 0 0 0 0 0 0 0 0 0 0 1 0 0 0 0 0 0 0 0 0 0 0 0 0 0 0 0 0 0 0 0 0 0 0 0 0 0 0 0 0 0 0 0 0 0 0 
1 1 1 1 1 0 1 0 0 1 0 1 1 1 1 1 1 1 1 0 1 1 1 1 1 1 0 1 1 1 1 0 1 0 1 1 0 1 0 1 0 0 0 0 0 1 0 0 1 1 1 1 1 0 1 1 1 1 0 1 1 0 1 0 0 0 1 0 0 1 0 1 1 0 0 0 1 0 0 1 1 1 1 1 1 1 0 1 1 0 1 0 1 0 1 1 0 1 0 0 1 1 1 0 0 1 1 1 0 0 0 0 1 1 1 0 0 1 0 1 
0 0 0 0 0 0 0 0 0 0 0 0 0 0 0 0 0 0 0 0 0 0 0 0 0 0 0 0 0 0 0 0 0 0 0 0 0 0 0 0 0 0 0 0 0 0 0 0 0 0 0 0 0 0 0 0 0 0 0 0 0 0 0 0 0 0 0 0 0 0 0 0 0 0 0 0 0 0 0 0 0 0 0 0 0 0 0 0 0 0 0 0 0 0 0 0 0 0 0 0 0 0 0 0 0 0 0 0 0 0 0 0 0 0 0 0 0 0 0 0 
0 0 0 0 0 0 0 0 0 0 0 0 0 0 0 0 0 0 0 0 0 0 0 0 0 0 0 0 0 0 0 0 0 0 0 0 0 0 0 0 0 0 0 0 0 0 0 0 0 0 0 0 0 0 0 0 0 0 0 0 0 0 0 0 0 0 0 0 0 0 0 0 0 0 0 0 0 0 0 0 0 0 0 0 0 0 0 0 0 0 0 0 0 0 0 0 0 0 0 0 0 0 0 0 0 0 0 0 0 0 0 0 0 0 0 0 0 0 0 0 
1 1 1 1 1 0 1 0 0 1 0 1 1 1 1 1 1 1 1 0 1 1 1 1 1 1 0 1 1 1 1 1 1 0 0 1 0 1 0 1 0 0 0 0 0 1 0 0 1 1 1 1 1 0 1 1 1 1 0 1 1 0 1 0 0 0 1 0 0 1 0 1 1 0 0 0 1 0 0 1 1 1 1 1 1 1 0 1 1 0 1 0 1 0 1 1 0 1 0 0 1 1 1 0 0 1 1 1 0 0 0 0 1 1 1 0 0 1 0 1 
0 0 0 0 0 0 0 0 0 0 0 0 0 0 0 0 0 0 0 0 0 0 0 0 0 0 0 0 0 0 0 0 0 0 0 0 0 0 0 0 0 0 0 0 0 0 0 0 0 0 0 0 0 0 0 0 0 0 0 0 0 0 0 0 0 0 0 0 0 0 0 0 0 0 0 0 0 0 0 0 0 0 0 0 0 0 0 0 0 0 0 0 0 0 0 0 0 0 0 0 0 0 0 0 0 0 0 0 0 0 0 0 0 0 0 0 0 0 0 0 
0 0 0 0 0 0 0 0 0 0 0 0 0 0 0 0 0 0 0 0 0 0 0 0 0 0 0 0 0 0 0 0 0 0 0 0 0 0 0 0 0 0 0 0 0 0 0 0 0 0 0 0 0 0 0 0 0 0 0 0 0 0 0 0 0 0 0 0 0 0 0 0 0 0 0 0 0 0 0 0 0 0 0 0 0 0 0 0 0 0 0 0 0 0 0 0 0 0 0 0 0 0 0 0 0 0 0 0 0 0 0 0 0 0 0 0 0 0 0 0 
1 1 1 1 1 0 1 0 0 1 0 1 1 1 1 1 1 1 1 0 1 1 1 1 1 1 0 1 1 1 1 1 1 0 1 1 0 0 0 1 0 0 0 0 0 1 0 0 1 1 1 1 1 0 1 1 1 1 0 1 1 0 1 0 0 0 1 0 0 1 0 1 1 0 0 0 1 0 0 1 1 1 1 1 1 1 0 1 1 0 1 0 1 0 1 1 0 1 0 0 1 1 1 0 0 1 1 1 0 0 0 0 1 1 1 0 0 1 0 1 
0 0 0 0 0 0 0 0 0 0 0 0 0 0 0 0 0 0 0 0 0 0 0 0 0 0 0 0 0 0 0 0 0 0 0 0 0 0 0 0 0 0 0 0 0 0 0 0 0 0 0 0 0 0 0 0 0 0 0 0 0 0 0 0 0 0 0 0 0 0 0 0 0 0 0 0 0 0 0 0 0 0 0 0 0 0 0 0 0 0 0 0 0 0 0 0 0 0 0 0 0 0 0 0 0 0 0 0 0 0 0 0 0 0 0 0 0 0 0 0 
1 1 1 1 1 0 1 0 0 1 0 1 1 1 1 1 1 1 1 0 1 1 1 1 1 1 0 1 1 1 1 1 1 0 1 1 0 1 0 0 0 0 0 0 0 1 0 0 1 1 1 1 1 0 1 1 1 1 0 1 1 0 1 0 0 0 1 0 0 1 0 1 1 0 0 0 1 0 0 1 1 1 1 1 1 1 0 1 1 0 1 0 1 0 1 1 0 1 0 0 1 1 1 0 0 1 1 1 0 0 0 0 1 1 1 0 0 1 0 1 
1 1 1 1 1 0 1 0 0 1 0 1 1 1 1 1 1 1 1 0 1 1 1 1 1 1 0 1 1 1 1 1 1 0 1 1 0 1 0 1 0 0 0 0 0 1 0 0 1 1 1 1 1 0 1 1 1 1 0 1 1 0 1 0 0 0 1 0 0 1 0 1 1 0 0 0 1 0 0 1 1 1 1 1 1 1 0 1 1 0 1 0 1 0 1 1 0 1 0 0 1 1 1 0 0 1 1 1 0 0 0 0 1 1 1 0 0 1 0 1 
0 0 0 0 0 0 0 0 0 0 0 0 0 0 0 0 0 0 0 0 0 0 0 0 0 0 0 0 0 0 0 0 0 0 0 0 0 0 0 0 0 0 0 0 0 0 0 0 0 0 0 0 0 0 0 0 0 0 0 0 0 0 0 0 0 0 0 0 0 0 0 0 0 0 0 0 0 0 0 0 0 0 0 0 0 0 0 0 0 0 0 0 0 0 0 0 0 0 0 0 0 0 0 0 0 0 0 0 0 0 0 0 0 0 0 0 0 0 0 0 
1 1 1 1 1 0 1 0 0 1 0 1 1 1 1 1 1 1 1 0 1 1 1 1 1 1 0 1 1 1 1 1 1 0 1 1 0 1 0 1 0 0 0 0 0 1 0 0 1 1 1 1 1 0 1 1 1 1 0 1 1 0 1 0 0 0 1 0 0 1 0 1 1 0 0 0 1 0 0 1 1 1 1 1 1 1 0 1 1 0 1 0 1 0 1 1 0 1 0 0 1 1 1 0 0 1 1 1 0 0 0 0 1 1 1 0 0 1 0 1 
0 0 0 0 0 0 0 0 0 0 0 0 0 0 0 0 0 0 0 0 0 0 0 0 0 0 0 0 0 0 0 0 0 0 0 0 0 0 0 0 0 0 0 0 0 0 0 0 0 0 0 0 0 0 0 0 0 0 0 0 0 0 0 0 0 0 0 0 0 0 0 0 0 0 0 0 0 0 0 0 0 0 0 0 0 0 0 0 0 0 0 0 0 0 0 0 0 0 0 0 0 0 0 0 0 0 0 0 0 0 0 0 0 0 0 0 0 0 0 0 
0 0 0 0 0 0 0 0 0 0 0 0 0 0 0 0 0 0 0 0 0 0 0 0 0 0 0 0 0 0 0 0 1 0 0 0 0 0 0 0 0 0 0 0 0 0 0 0 0 0 0 0 0 0 0 0 0 0 1 0 0 0 0 0 0 0 0 0 0 0 0 0 0 0 0 0 0 0 0 0 0 0 0 0 0 0 0 0 0 0 0 0 0 0 0 0 0 0 0 0 0 0 0 0 0 0 0 0 0 0 0 0 0 0 0 0 0 0 0 0 
1 1 1 1 1 0 1 0 0 1 0 1 1 1 1 1 1 1 1 0 1 1 1 1 1 1 0 1 1 1 1 1 1 0 1 1 0 1 0 1 0 0 0 0 0 0 0 0 1 1 1 1 1 0 1 1 1 1 0 1 1 0 1 0 0 0 1 0 0 1 0 1 1 0 0 0 1 0 0 1 1 1 1 1 1 1 0 1 1 0 1 0 1 0 1 1 0 1 0 0 1 1 1 0 0 1 1 1 0 0 0 0 1 1 1 0 0 1 0 1 
1 1 1 1 1 1 1 0 0 1 0 1 1 1 1 1 1 1 1 0 1 1 1 1 1 1 0 1 1 1 1 1 1 1 1 1 0 1 0 1 0 0 0 0 0 1 0 0 1 1 1 1 1 0 1 1 1 1 0 1 1 0 1 0 0 0 1 0 0 1 0 1 1 0 0 0 1 0 0 1 1 1 1 1 1 1 0 1 1 0 1 0 1 0 1 1 0 1 0 0 1 1 1 0 0 1 1 1 0 0 0 0 1 1 1 0 0 1 0 1 
1 1 1 1 1 0 1 0 0 1 0 1 1 1 1 1 1 1 1 0 1 1 1 1 1 1 0 1 1 1 1 1 1 0 1 1 0 1 0 1 0 0 1 0 0 1 0 0 1 1 1 1 1 0 1 1 1 1 0 1 1 0 1 0 0 0 1 0 0 1 0 1 1 0 0 0 1 0 0 1 1 1 1 1 1 1 0 1 1 0 1 0 1 0 1 1 0 1 0 1 1 1 1 0 0 1 1 1 0 0 0 0 1 1 1 0 0 1 0 1 
1 1 1 1 1 0 1 0 0 1 0 1 1 1 1 1 1 1 1 0 1 1 1 1 1 1 0 1 1 1 1 1 1 0 1 1 0 1 0 1 0 0 0 0 0 1 0 0 0 1 1 1 1 0 1 1 1 1 0 1 1 0 1 0 0 0 1 0 0 1 0 1 1 0 0 0 1 0 0 1 1 1 1 1 1 1 0 1 1 0 1 0 1 0 1 1 0 1 0 0 1 1 1 0 0 1 1 1 0 0 0 0 1 1 1 0 0 1 0 1 
0 0 0 0 0 0 0 0 0 0 0 0 0 0 0 0 0 0 0 0 0 0 0 0 0 0 0 0 0 0 0 0 0 0 0 0 0 0 0 0 0 0 0 0 0 0 0 0 0 0 0 0 0 0 0 0 0 0 0 0 0 0 0 0 0 0 0 0 0 0 0 0 0 0 0 0 0 0 0 0 0 0 0 0 0 0 0 0 0 0 0 0 0 0 0 0 0 0 0 0 0 0 1 0 0 0 0 0 0 0 0 0 0 0 0 0 0 0 0 0 
0 0 0 0 0 0 0 0 0 0 0 0 0 0 0 0 0 0 0 0 0 0 0 0 0 0 0 0 0 0 0 0 0 0 0 0 0 0 0 0 0 0 0 0 0 0 0 0 0 0 0 0 0 0 0 0 0 0 0 0 0 0 0 0 0 0 0 0 0 0 0 0 0 0 0 0 0 0 0 0 0 0 0 0 0 0 0 0 0 0 0 0 0 0 0 0 0 0 0 0 0 0 0 0 0 0 0 0 0 0 0 0 0 0 0 0 0 0 0 0 
1 1 1 1 1 0 1 0 0 1 0 1 1 1 1 1 1 1 1 0 1 1 1 1 1 1 0 1 1 1 1 1 1 0 1 1 0 1 0 1 0 0 0 0 0 1 0 0 1 1 1 0 1 0 1 1 1 1 0 1 1 0 1 0 0 0 1 0 0 1 0 1 1 0 0 0 1 0 0 1 1 1 1 1 1 1 0 1 1 0 1 0 1 0 1 1 0 1 0 0 1 1 1 0 0 1 1 1 0 0 0 0 1 1 1 0 0 1 0 1 
1 1 1 1 1 0 1 0 0 1 0 1 1 1 1 1 1 1 1 0 1 1 1 1 1 1 0 1 1 1 1 1 1 0 1 1 0 1 0 1 0 0 0 0 0 1 0 0 1 1 1 1 0 0 1 1 1 1 0 1 1 0 1 0 0 0 1 0 0 1 0 1 1 0 0 0 1 0 0 1 1 1 1 1 1 1 0 1 1 0 1 0 1 0 1 1 0 1 0 0 1 1 1 0 0 1 1 1 0 0 0 0 1 1 1 0 0 1 0 1 
1 1 1 1 1 0 1 0 0 1 0 1 1 1 1 1 1 1 1 0 1 1 1 1 1 1 0 1 1 1 1 1 1 0 1 1 0 1 0 1 0 0 0 0 0 1 0 0 1 1 1 1 1 0 1 1 1 1 0 1 1 0 1 0 0 0 1 0 0 1 0 1 1 0 0 0 1 0 0 1 1 1 1 1 1 1 0 1 1 0 1 1 1 0 1 1 0 1 0 0 1 1 1 0 0 1 1 1 0 0 0 0 1 1 1 0 0 1 0 1 
1 1 1 1 1 0 1 0 0 1 0 1 1 1 1 1 1 1 1 0 1 1 1 1 1 1 0 1 1 1 1 1 1 0 1 1 0 1 0 1 0 0 0 0 0 1 0 0 1 1 1 1 1 0 0 1 1 1 0 1 1 0 1 0 0 0 1 0 0 1 0 1 1 0 0 0 1 0 0 1 1 1 1 1 1 1 0 1 1 0 1 0 1 0 1 1 0 1 0 0 1 1 1 0 0 1 1 1 0 0 0 0 1 1 1 0 0 1 0 1 
0 0 0 0 0 0 0 0 0 0 0 0 0 0 0 0 0 0 0 0 0 0 0 0 0 0 0 0 0 0 0 0 0 0 0 0 0 0 0 0 0 0 0 0 0 0 0 0 0 0 0 0 0 0 0 0 0 0 0 0 0 0 0 0 0 0 0 0 0 0 0 0 0 0 0 0 0 0 0 0 0 0 1 0 0 0 0 0 0 0 0 0 0 0 0 0 0 0 0 0 0 0 0 0 0 0 0 0 0 0 0 0 0 0 0 0 0 0 0 0 
0 0 0 0 0 0 0 0 0 0 0 0 0 0 0 0 0 0 0 0 0 0 0 0 0 0 0 0 0 0 0 0 0 0 0 0 0 0 0 0 0 0 0 0 0 0 0 0 0 0 0 0 0 0 0 0 0 0 0 0 0 0 0 0 0 0 0 0 0 0 0 0 0 0 0 0 0 0 0 0 0 0 0 0 1 0 0 0 0 0 0 0 0 0 0 0 0 0 0 0 0 0 0 0 0 0 0 0 0 0 0 0 0 0 0 0 0 0 0 0 
1 1 1 1 1 0 1 0 0 1 0 1 1 1 1 1 1 1 1 0 1 1 1 1 1 1 0 1 1 1 1 1 1 0 1 1 0 1 0 1 0 0 0 0 0 1 0 0 1 1 1 1 1 0 1 1 1 0 0 1 1 0 1 0 0 0 1 0 0 1 0 1 1 0 0 0 1 0 0 1 1 1 1 1 1 1 0 1 1 0 1 0 1 0 1 1 0 1 0 0 1 1 1 0 0 1 1 1 0 0 0 0 1 1 1 0 0 1 0 1 
0 0 0 0 0 0 0 0 0 0 0 0 0 0 0 0 0 0 0 0 0 0 0 0 0 0 0 0 0 0 0 0 0 0 0 0 0 0 0 0 0 0 0 0 0 0 0 0 0 0 0 0 0 0 0 0 0 0 0 0 0 0 0 0 0 0 0 0 0 0 0 0 0 0 0 0 0 0 0 0 0 0 0 0 0 0 0 0 0 0 0 0 0 0 0 0 0 0 0 0 0 0 0 0 0 0 0 0 0 0 0 0 0 0 0 0 0 0 0 0 
1 1 1 1 1 0 1 0 0 1 0 1 1 1 1 1 1 1 1 0 1 1 1 1 1 1 0 1 1 1 1 1 1 0 1 1 0 1 0 1 0 0 0 0 0 1 0 0 1 1 1 1 1 0 1 1 1 1 0 0 1 0 1 0 0 0 1 0 0 1 0 1 1 0 0 0 1 0 0 1 1 1 1 1 1 1 0 1 1 0 1 0 1 0 1 1 0 1 0 0 1 1 1 0 0 1 1 1 0 0 0 0 1 1 1 0 0 1 0 1 
0 0 0 0 0 0 0 0 0 0 0 0 0 0 0 0 0 0 0 0 0 0 0 0 0 0 0 0 0 0 0 0 0 0 0 0 0 0 0 0 0 0 0 0 0 0 0 0 0 0 0 0 0 0 0 0 0 0 0 0 0 0 1 0 0 0 0 0 0 0 0 0 0 0 0 0 0 0 0 0 0 0 0 0 0 0 0 0 0 0 0 0 0 0 0 0 0 0 0 0 0 0 0 0 0 0 0 0 0 0 0 0 0 0 0 0 0 0 0 0 
1 1 1 1 1 0 1 0 1 1 0 1 1 1 1 1 1 1 1 0 1 1 1 1 1 1 0 1 1 1 1 1 1 0 1 1 0 1 0 1 0 0 0 0 0 1 0 0 1 1 1 1 1 0 1 1 1 1 0 1 1 0 1 0 0 0 1 0 0 1 0 1 1 0 0 0 1 1 0 1 1 1 1 1 1 1 0 1 1 0 1 0 1 0 1 1 0 1 0 0 1 1 1 0 0 1 1 1 0 0 0 0 1 1 1 0 0 1 0 1 
0 0 0 0 0 0 0 0 0 0 0 0 0 0 0 0 0 0 0 0 0 0 0 0 0 0 0 0 0 0 0 0 0 0 0 0 0 0 0 0 0 0 0 0 0 0 0 0 0 0 0 0 0 0 0 0 0 0 0 0 0 0 0 0 0 0 0 0 0 0 0 0 0 0 0 0 0 0 0 0 0 0 0 0 0 0 0 0 0 0 0 0 0 0 0 0 0 0 0 0 0 0 0 0 0 0 0 0 0 0 0 0 0 0 0 0 0 0 0 0 
1 1 1 1 1 0 1 0 0 1 0 1 1 1 1 1 1 1 1 0 1 1 1 1 1 1 0 1 1 1 1 1 1 0 1 1 0 1 0 1 0 0 0 0 0 1 0 0 1 1 1 1 1 0 1 1 1 1 0 1 1 0 1 0 0 0 1 0 0 1 0 1 1 0 0 0 1 0 0 1 1 1 1 1 1 1 0 1 1 0 1 0 1 0 1 1 0 1 0 0 1 1 1 0 0 1 1 1 0 0 0 0 1 1 1 0 0 1 0 1 
0 0 0 0 0 0 0 0 0 0 0 0 0 0 0 0 0 0 0 0 0 0 0 0 0 0 0 0 0 0 0 0 0 0 0 0 0 0 0 0 0 0 0 0 0 0 0 0 0 0 0 0 0 0 0 0 0 0 0 0 0 0 0 0 0 0 0 0 0 0 0 0 0 0 0 0 0 0 0 0 0 0 0 0 0 0 0 0 0 0 0 0 0 0 0 0 0 0 0 0 0 0 0 0 0 0 0 0 0 0 0 0 0 0 0 0 0 0 0 0 
0 0 0 0 0 0 0 0 0 0 0 0 0 0 0 0 0 0 0 0 0 0 0 0 0 0 0 0 0 0 0 0 0 0 0 0 0 0 0 0 0 0 0 0 0 0 0 0 0 0 0 0 0 0 0 0 0 0 0 0 0 0 0 0 1 0 0 0 0 0 0 0 0 0 0 0 0 0 0 0 0 0 0 0 0 0 0 0 0 0 0 0 0 0 0 0 0 0 0 0 0 0 0 0 0 0 0 0 0 0 0 0 0 0 0 0 0 0 0 0 
0 0 0 0 0 0 0 0 0 0 0 0 0 0 0 0 0 0 0 0 0 0 0 0 0 0 0 0 0 0 0 0 0 0 0 0 0 0 0 0 0 0 0 0 0 0 0 0 0 0 0 0 0 0 0 0 0 0 0 0 0 0 0 0 0 0 0 0 0 0 0 0 0 0 0 0 0 0 0 0 0 0 0 0 0 0 0 0 0 0 0 0 0 0 0 0 0 0 0 0 0 0 0 0 0 0 0 0 0 0 0 0 0 0 0 0 0 0 0 0 
1 1 1 1 1 0 1 0 0 1 0 1 1 1 1 1 1 1 1 0 1 1 1 1 1 1 0 1 1 1 1 1 1 0 1 1 0 1 0 1 0 0 0 0 0 1 0 0 1 1 1 1 1 0 1 1 1 1 0 1 1 0 1 0 0 0 1 0 0 1 0 1 1 0 0 0 1 0 0 1 1 1 1 1 1 1 0 1 1 0 1 0 1 0 1 1 0 1 0 0 1 1 1 0 0 1 1 1 0 0 0 0 1 1 1 0 0 1 0 1 
1 1 1 1 1 0 1 0 0 1 0 1 1 1 1 1 1 1 1 0 1 1 1 1 1 1 0 1 1 1 1 1 1 0 1 1 0 1 0 1 0 0 0 0 0 1 0 0 1 1 1 1 1 0 1 1 1 1 0 1 1 0 1 0 0 0 1 0 0 1 0 1 1 0 0 0 1 0 0 1 1 1 1 1 1 1 0 1 1 0 1 0 1 0 1 1 0 1 0 0 1 1 1 0 0 1 1 1 0 0 0 0 1 1 1 0 0 1 0 1 
0 0 0 0 0 0 0 0 0 0 0 0 0 0 0 0 0 0 0 0 0 0 0 0 0 0 0 0 0 0 0 0 0 0 0 0 0 0 0 0 0 0 0 0 0 0 0 0 0 0 0 0 0 0 0 0 0 0 0 0 0 0 0 0 0 0 0 0 0 0 0 0 0 0 0 0 0 0 0 0 0 0 0 0 0 0 0 0 0 0 0 0 0 0 0 0 0 0 0 0 0 0 0 0 0 0 0 0 0 0 0 0 0 0 0 0 0 0 0 0 
1 1 1 1 1 0 1 0 0 1 0 1 1 1 1 1 1 1 1 0 1 1 1 1 1 1 0 1 1 1 1 1 1 0 1 1 0 1 0 1 0 0 0 0 0 1 0 0 1 1 1 1 1 0 1 1 1 1 0 1 1 0 1 0 0 0 1 0 0 1 0 1 1 0 0 0 1 0 0 1 1 1 1 1 1 1 0 1 1 0 1 0 1 0 1 1 0 1 0 0 1 1 1 0 0 1 1 1 0 0 0 0 1 1 1 0 0 1 0 1 
1 1 1 1 1 0 1 0 0 1 0 1 1 1 1 1 1 1 1 0 1 1 1 1 1 1 0 1 1 1 1 1 1 0 1 1 0 1 0 1 0 0 0 0 0 1 0 0 1 1 1 1 1 0 1 1 1 1 0 1 1 0 1 0 0 0 1 0 0 1 0 0 1 0 0 0 1 0 0 1 1 1 1 1 1 1 0 1 1 0 1 0 1 0 1 1 0 1 0 0 1 1 1 0 0 1 1 1 0 0 0 0 1 1 1 0 0 1 0 1 
1 1 1 1 1 0 1 0 0 1 0 1 1 1 1 1 1 1 1 0 1 1 1 1 1 1 0 1 1 1 1 1 1 0 1 1 0 1 0 1 0 0 0 0 0 1 0 0 1 1 1 1 1 0 1 1 1 1 0 1 1 0 1 0 0 0 1 0 0 1 0 1 0 0 0 0 1 0 0 1 1 1 1 1 1 1 0 1 1 0 1 0 1 0 1 1 0 1 0 0 1 1 1 0 0 1 1 1 0 0 0 0 1 1 1 0 0 1 0 1 
1 1 1 1 1 0 1 0 1 1 0 1 1 1 1 1 1 1 1 0 1 1 1 1 1 1 0 1 1 1 1 1 1 0 1 1 0 1 0 1 0 0 0 0 0 1 0 0 1 1 1 1 1 0 1 1 1 1 0 1 1 0 1 0 0 0 1 0 0 1 0 1 1 0 0 0 1 1 0 1 1 1 1 1 1 1 0 1 1 0 1 0 1 0 1 1 0 1 0 0 1 1 1 0 0 1 1 1 0 1 0 0 1 1 1 0 0 1 0 1 
1 1 1 1 1 0 1 0 0 1 0 1 1 1 1 1 1 1 1 0 1 1 1 1 1 1 0 1 1 1 1 1 1 0 1 1 0 1 0 1 0 0 0 0 0 1 0 0 1 1 1 1 1 0 1 1 1 1 0 1 1 0 1 0 0 0 1 0 0 1 0 1 1 0 0 0 1 0 0 1 1 1 1 1 1 1 0 1 1 0 1 0 1 0 1 1 0 1 0 0 1 1 1 0 1 1 1 1 0 0 0 0 1 1 1 0 0 1 0 1 
0 0 0 0 0 0 0 0 0 0 0 0 0 0 0 0 0 0 0 0 0 0 0 0 0 0 0 0 0 0 0 0 0 0 0 0 0 0 0 0 0 0 0 0 0 0 0 0 0 0 0 0 0 0 0 0 0 0 0 0 0 0 0 0 0 0 0 0 0 0 0 0 0 0 0 0 0 0 0 0 0 0 0 0 0 0 0 0 0 0 0 0 0 0 0 0 0 0 0 0 0 0 0 0 0 0 0 0 0 0 0 0 0 0 0 0 0 0 0 0 
0 0 0 0 0 0 0 0 0 0 0 0 0 0 0 0 0 0 0 0 0 0 0 0 0 0 0 0 0 0 0 0 0 0 0 0 0 0 0 0 0 0 0 0 0 0 0 0 0 0 0 0 0 0 0 0 0 0 0 0 0 0 0 0 0 0 0 0 0 0 0 0 0 0 0 0 0 0 0 0 0 0 0 0 0 0 0 0 0 0 0 0 0 0 0 0 0 0 0 0 0 0 0 0 0 0 0 0 0 0 0 0 0 0 0 0 0 0 0 0 
0 0 0 0 0 0 0 0 1 0 0 0 0 0 0 0 0 0 0 0 0 0 0 0 0 0 0 0 0 0 0 0 0 0 0 0 0 0 0 0 0 0 0 0 0 0 0 0 0 0 0 0 0 0 0 0 0 0 0 0 0 0 0 0 0 0 0 0 0 0 0 0 0 0 0 0 0 0 0 0 0 0 0 0 0 0 0 0 0 0 0 0 0 0 0 0 0 0 0 0 0 0 0 0 0 0 0 0 0 0 0 0 0 0 0 0 0 0 0 0 
1 1 1 1 1 0 1 0 0 1 0 1 1 1 1 1 1 1 1 0 1 1 1 1 1 1 0 1 1 1 1 1 1 0 1 1 0 1 0 1 0 0 0 0 0 1 0 0 1 1 1 1 1 0 1 1 1 1 0 1 1 0 1 0 0 0 1 0 0 1 0 1 1 0 0 0 1 0 0 1 1 1 1 1 1 1 0 1 1 0 1 0 1 0 1 1 0 1 0 0 1 1 1 0 0 1 1 1 0 0 0 0 1 1 1 0 0 1 0 1 
1 1 1 1 1 0 1 0 0 1 0 1 1 1 1 1 1 1 1 0 1 1 1 1 1 1 0 1 1 1 1 1 1 0 1 1 0 1 0 1 0 0 0 0 0 1 0 0 1 1 1 1 1 0 1 1 1 1 0 1 1 0 1 0 0 0 1 0 0 1 0 1 1 0 0 0 1 0 0 0 1 1 1 1 1 1 0 1 1 0 1 0 1 0 1 1 0 1 0 0 1 1 1 0 0 1 1 1 0 0 0 0 1 1 1 0 0 1 0 1 
1 1 1 1 1 0 1 0 0 1 0 1 1 1 1 1 1 1 1 0 1 1 1 1 1 1 0 1 1 1 1 1 1 0 1 1 0 1 0 1 0 0 0 0 0 1 0 0 1 1 1 1 1 0 1 1 1 1 0 1 1 0 1 0 0 0 1 0 0 1 0 1 1 0 0 0 1 0 0 1 0 1 1 1 1 1 0 1 1 0 1 0 1 0 1 1 0 1 0 0 1 1 1 0 0 1 1 1 0 0 0 0 1 1 1 0 0 1 0 1 
1 1 1 1 1 0 1 0 0 1 0 1 1 1 1 1 1 1 1 0 1 1 1 1 1 1 0 1 1 1 1 1 1 0 1 1 0 1 0 1 0 0 0 0 0 1 0 0 1 1 1 1 1 0 1 1 1 1 0 1 1 0 1 0 0 0 1 0 0 1 0 1 1 0 0 0 1 0 0 1 1 0 1 1 1 1 0 1 1 0 1 0 1 0 1 1 0 1 0 0 1 1 1 0 0 1 1 1 0 0 0 0 1 1 1 0 0 1 0 1 
0 0 0 0 0 0 0 0 0 0 0 0 0 0 0 0 0 0 0 0 0 0 0 0 0 0 0 0 0 0 0 0 0 0 0 0 0 0 0 0 0 0 0 0 0 0 0 0 0 0 0 0 0 0 0 0 0 0 0 0 0 0 0 0 0 0 0 0 0 0 0 0 0 0 0 0 0 0 0 0 0 0 0 0 0 0 0 0 0 0 0 0 0 0 0 0 0 0 0 0 0 0 0 0 0 0 0 0 0 0 0 0 0 0 0 0 0 0 0 0 
1 1 1 1 1 0 1 0 0 1 0 1 1 1 1 1 1 1 1 0 1 1 1 1 1 1 0 1 1 1 1 1 1 0 1 1 0 1 0 1 0 0 0 0 0 1 0 0 1 1 1 1 1 0 1 1 1 1 0 1 1 0 1 0 0 0 1 0 0 1 0 1 1 0 0 0 1 0 0 1 1 1 1 0 1 1 0 1 1 0 1 0 1 0 1 1 0 1 0 0 1 1 1 0 0 1 1 1 0 0 0 0 1 1 1 0 0 1 0 1 
0 0 0 0 0 0 0 0 0 0 0 0 0 0 0 0 0 0 0 0 0 0 0 0 0 0 0 0 0 0 0 0 0 0 0 0 0 0 0 0 0 0 0 0 0 0 0 0 0 0 0 0 0 0 0 0 0 0 0 0 0 0 0 0 0 0 0 0 0 0 0 0 0 0 0 0 0 0 0 0 0 0 0 0 0 0 0 0 0 0 0 0 0 0 0 0 0 0 0 0 0 0 0 0 0 0 0 0 0 0 0 0 0 0 0 0 0 0 0 0 
0 0 0 0 0 0 0 0 0 0 0 0 0 0 0 0 0 0 0 0 0 0 0 0 0 0 0 0 0 0 0 0 0 0 0 0 0 0 0 0 0 0 0 0 0 0 0 0 0 0 0 0 0 0 0 0 0 0 0 0 0 0 0 0 0 0 0 0 0 0 0 0 0 0 0 0 0 0 0 0 0 0 0 0 0 0 0 0 0 0 0 0 0 0 0 0 0 0 0 0 0 0 0 0 0 1 0 0 0 0 0 0 0 0 0 0 0 0 0 0 
0 0 0 0 0 0 0 0 0 0 0 0 0 0 0 0 0 0 0 0 0 0 0 0 0 0 0 0 0 0 0 0 0 0 0 0 0 0 0 0 0 0 0 0 0 0 0 0 0 0 0 0 0 0 0 0 0 0 0 0 0 0 0 0 0 0 0 0 0 0 0 0 0 0 0 0 0 0 0 0 0 0 0 0 0 0 0 0 0 0 0 0 0 0 0 0 0 0 0 0 0 0 0 0 0 0 0 0 0 0 0 0 0 0 0 0 0 0 0 0 
0 0 0 0 0 0 0 0 0 0 0 0 0 0 0 0 0 0 0 0 0 0 0 0 0 0 0 0 0 0 0 0 0 0 0 0 0 0 0 0 0 0 0 0 0 0 0 0 0 0 0 0 0 0 0 0 1 0 0 0 0 0 0 0 0 0 0 0 0 0 0 0 0 0 0 0 0 0 0 0 0 0 0 0 1 0 0 0 0 0 0 0 0 0 0 0 0 0 0 0 0 0 0 0 0 0 0 0 0 0 0 0 0 0 0 0 0 0 0 0 
1 1 1 1 1 0 1 0 0 1 0 1 1 1 1 1 1 1 1 0 1 1 1 1 1 1 0 1 1 1 1 1 1 0 1 1 0 1 0 1 0 0 0 0 0 1 0 0 1 1 1 1 1 0 1 1 1 1 0 1 1 0 1 0 0 0 1 0 0 1 0 1 1 0 0 0 1 0 0 1 1 1 1 1 1 1 0 1 0 0 1 0 1 0 1 1 0 1 0 0 1 1 1 0 0 1 1 1 0 0 0 0 1 1 1 0 0 1 0 1 
0 0 0 0 0 0 0 0 0 0 0 0 0 0 0 0 0 0 0 0 0 0 0 0 0 0 0 0 0 0 0 0 0 0 0 0 0 0 0 0 0 0 0 0 0 0 0 0 0 0 0 0 0 0 0 0 0 0 0 0 0 0 0 0 0 0 0 0 0 0 0 0 0 0 0 0 0 0 0 0 0 0 0 0 0 0 0 0 0 0 0 0 0 0 0 0 0 0 0 0 0 0 0 0 0 0 0 0 0 0 0 0 0 0 0 0 0 0 0 0 
1 1 1 1 1 0 1 0 0 1 0 1 1 1 1 1 1 1 1 0 1 1 1 1 1 1 0 1 1 1 1 1 1 0 1 1 0 1 0 1 0 0 0 0 0 1 0 0 1 1 1 1 1 0 1 1 1 1 0 1 1 0 1 0 0 0 1 0 0 1 0 1 1 0 0 0 1 0 0 1 1 1 1 1 1 1 0 1 1 0 0 0 1 0 1 1 0 1 0 0 1 1 1 0 0 1 1 1 0 0 0 0 1 1 1 0 0 1 0 1 
1 1 1 1 1 0 1 0 0 1 0 1 1 1 1 1 1 1 1 0 1 1 1 1 1 1 0 1 1 1 1 1 1 0 1 1 0 1 0 1 0 0 0 0 0 1 0 0 1 1 1 1 1 0 1 1 1 1 0 1 1 0 1 0 0 0 1 0 0 1 0 1 1 0 0 0 1 0 0 1 1 1 1 1 1 1 0 1 1 0 1 0 1 0 1 1 0 1 0 0 1 1 1 0 0 1 1 1 0 0 0 0 1 1 1 0 0 1 0 1 
1 1 1 1 1 0 1 0 0 1 0 1 1 1 1 1 1 1 1 0 1 1 1 1 1 1 0 1 1 1 1 1 1 0 1 1 0 1 0 1 0 0 0 0 0 1 0 0 1 1 1 1 1 0 1 1 1 1 0 1 1 0 1 0 0 0 1 0 0 1 0 1 1 0 0 0 1 0 0 1 1 1 1 1 1 1 0 1 1 0 1 0 0 0 1 1 0 1 0 0 1 1 1 0 0 1 1 1 0 0 0 0 1 1 1 0 0 1 0 1 
1 1 1 1 1 0 1 0 0 1 0 1 1 1 1 1 1 1 1 0 1 1 1 1 1 1 0 1 1 1 1 1 1 0 1 1 0 1 0 1 0 0 0 0 0 1 0 0 1 1 1 1 1 0 1 1 1 1 0 1 1 0 1 0 0 0 1 0 0 1 0 1 1 0 0 0 1 0 0 1 1 1 1 1 1 1 0 1 1 0 1 0 1 0 1 1 0 1 0 0 1 1 1 0 0 1 1 1 0 0 0 0 1 1 1 0 0 1 0 1 
1 1 1 1 1 0 1 0 0 1 0 1 1 1 1 1 1 1 1 0 1 1 1 1 1 1 0 1 1 1 1 1 1 0 1 1 0 1 0 1 0 0 0 0 0 1 0 0 1 1 1 1 1 0 1 1 1 1 0 1 1 0 1 0 0 0 1 0 0 1 0 1 1 0 0 0 1 0 0 1 1 1 1 1 1 1 0 1 1 0 1 0 1 0 0 1 0 1 0 0 1 1 1 0 0 1 1 1 0 0 0 0 1 1 1 0 0 1 0 1 
1 1 1 1 1 0 1 0 0 1 0 1 1 1 1 1 1 1 1 0 1 1 1 1 1 1 0 1 1 1 1 1 1 0 1 1 0 1 0 1 0 0 0 0 0 1 0 0 1 1 1 1 1 0 1 1 1 1 0 1 1 0 1 0 0 0 1 0 0 1 0 1 1 0 0 0 1 0 0 1 1 1 1 1 1 1 0 1 1 0 1 0 1 0 1 0 0 1 0 0 1 1 1 0 0 1 1 1 0 0 0 0 1 1 1 0 0 1 0 1 
0 0 0 0 0 0 0 0 0 0 0 0 0 0 0 0 0 0 0 0 0 0 0 0 0 0 0 0 0 0 0 0 0 0 0 0 0 0 0 0 0 0 0 0 0 0 0 0 0 0 0 0 0 0 0 0 0 0 0 0 0 0 0 0 0 0 0 0 0 0 0 0 0 0 0 0 0 0 0 0 0 0 0 0 0 0 0 0 0 0 0 0 0 0 0 0 0 0 0 0 0 0 0 0 0 0 0 0 0 0 0 0 0 0 0 0 0 0 0 0 
1 1 1 1 1 0 1 0 0 1 0 1 1 1 1 1 1 1 1 0 1 1 1 1 1 1 0 1 1 1 1 1 1 0 1 1 0 1 0 1 0 0 0 0 0 1 0 0 1 1 1 1 1 0 1 1 1 1 0 1 1 0 1 0 0 0 1 0 0 1 0 1 1 0 0 0 1 0 0 1 1 1 1 1 1 1 0 1 1 0 1 0 1 0 1 1 0 0 0 0 1 1 1 0 0 1 1 1 0 0 0 0 1 1 1 0 0 1 0 1 
0 0 0 0 0 0 0 0 0 0 0 0 0 0 0 0 0 0 0 0 0 0 0 0 0 0 0 0 0 0 0 0 0 0 0 0 0 0 0 0 0 0 0 0 0 0 0 0 0 0 0 0 0 0 0 0 0 0 0 0 0 0 0 0 0 0 0 0 0 0 0 0 0 0 0 0 0 0 0 0 0 0 0 0 0 0 0 0 0 0 0 0 0 0 0 0 0 0 0 0 0 0 0 0 0 0 0 0 0 0 0 0 0 0 0 0 0 0 0 0 
0 0 0 0 0 0 0 0 0 0 0 0 0 0 0 0 0 0 0 0 0 0 0 0 0 0 0 0 0 0 0 0 0 0 0 0 0 0 0 0 0 0 0 0 0 0 0 0 0 0 0 0 0 0 0 0 0 0 0 0 0 0 0 0 0 0 0 0 0 0 0 0 0 0 0 0 0 0 0 0 0 0 0 0 0 0 0 0 0 0 0 0 0 0 0 0 0 0 0 0 0 0 0 0 0 0 0 0 0 0 0 0 0 0 0 0 0 0 0 0 
0 0 0 0 0 0 0 0 0 0 0 0 0 0 0 0 0 0 0 0 0 0 0 0 0 0 0 0 0 0 0 0 0 0 0 0 0 0 0 0 0 0 0 0 0 0 0 0 0 0 0 0 0 0 0 0 0 0 0 0 0 0 0 0 0 0 0 0 0 0 0 0 0 0 0 0 0 0 0 0 0 0 0 0 0 0 0 0 0 0 0 0 0 0 0 0 0 0 0 0 0 0 0 0 0 0 0 0 0 0 0 0 0 0 0 0 0 0 0 0 
1 1 1 1 1 0 1 0 0 1 0 1 1 1 1 1 1 1 1 0 1 1 1 1 1 1 0 1 1 1 1 1 1 0 1 1 0 1 0 1 0 0 0 0 0 1 0 0 1 1 1 1 1 0 1 1 1 1 0 1 1 0 1 0 0 0 1 0 0 1 0 1 1 0 0 0 1 0 0 1 1 1 1 1 1 1 0 1 1 0 1 0 1 0 1 1 0 1 0 0 1 0 1 0 0 1 1 1 0 0 0 0 1 1 1 0 0 1 0 1 
0 0 0 0 0 0 0 0 0 0 0 0 0 0 0 0 0 0 0 0 0 0 0 0 0 0 0 0 0 0 0 0 0 0 0 0 0 0 0 0 0 0 0 0 0 0 0 0 0 0 0 0 0 0 0 0 0 0 0 0 0 0 0 0 0 0 0 0 0 0 0 0 0 0 0 0 0 0 0 0 0 0 0 0 0 0 0 0 0 0 0 0 0 0 0 0 0 0 0 0 0 0 0 0 0 0 0 0 0 0 0 0 0 0 0 0 0 0 0 0 
0 0 0 0 0 0 0 0 0 0 0 0 0 0 0 0 0 0 0 0 0 0 0 0 0 0 0 0 0 0 0 0 0 0 0 0 0 0 0 0 0 0 0 0 0 0 0 0 0 0 0 0 0 0 0 0 0 0 0 0 0 0 0 0 0 0 0 0 0 0 0 0 0 0 0 0 0 0 0 0 0 0 0 0 0 0 0 0 0 0 0 0 0 0 0 0 0 0 0 0 0 0 0 0 0 0 0 0 0 0 0 0 0 0 0 0 0 0 0 0 
1 1 1 1 1 0 1 0 0 1 0 1 1 1 1 1 1 1 1 0 1 1 1 1 1 1 0 1 1 1 1 1 1 0 1 1 0 1 0 1 0 0 0 0 0 1 0 0 1 1 1 1 1 0 1 1 1 1 0 1 1 0 1 0 0 0 1 0 0 1 0 1 1 0 0 0 1 0 0 1 1 1 1 1 1 1 0 1 1 0 1 0 1 0 1 1 0 1 0 0 1 1 1 0 0 1 1 1 0 0 0 0 1 1 1 0 0 1 0 1 
0 0 0 0 0 0 0 0 0 0 0 0 0 0 0 0 0 0 0 0 0 0 0 0 0 0 0 0 0 0 0 0 0 0 0 0 0 0 0 0 0 0 0 0 0 0 0 0 0 0 0 0 0 0 0 0 0 0 0 0 0 0 0 0 0 0 0 0 0 0 0 0 0 0 0 0 0 0 0 0 0 0 0 0 0 0 0 0 0 0 0 0 0 0 0 0 0 0 0 0 0 0 0 0 0 0 0 0 0 0 0 0 0 0 0 0 0 0 0 0 
1 1 1 1 1 0 1 0 0 1 0 1 1 1 1 1 1 1 1 0 1 1 1 1 1 1 0 1 1 1 1 1 1 0 1 1 0 1 0 1 0 0 0 0 0 1 0 0 1 1 1 1 1 0 1 1 1 1 0 1 1 0 1 0 0 0 1 0 0 1 0 1 1 0 0 0 1 0 0 1 1 1 1 1 1 1 0 1 1 0 1 0 1 0 1 1 0 1 0 0 1 1 1 0 0 1 0 1 0 0 0 0 1 1 1 0 0 1 0 1 
1 1 1 1 1 0 1 0 0 1 0 1 1 1 1 1 1 1 1 0 1 1 1 1 1 1 0 1 1 1 1 1 1 0 1 1 0 1 0 1 0 0 0 0 0 1 0 0 1 1 1 1 1 0 1 1 1 1 0 1 1 0 1 0 0 0 1 0 0 1 0 1 1 0 0 0 1 0 0 1 1 1 1 1 1 1 0 1 1 0 1 0 1 0 1 1 0 1 0 0 1 1 1 0 0 1 1 0 0 0 0 0 1 1 1 0 0 1 0 1 
0 0 0 0 0 0 0 0 0 0 0 0 0 0 0 0 0 0 0 0 0 0 0 0 0 0 0 0 0 0 0 0 0 0 0 0 0 0 0 0 0 0 0 0 0 0 0 0 0 0 0 0 0 0 0 0 0 0 0 0 0 0 0 0 0 0 0 0 0 0 0 0 0 0 0 0 0 0 0 0 0 0 0 0 0 0 0 0 0 0 0 0 0 0 0 0 0 0 0 0 0 0 0 0 0 0 0 0 0 0 0 0 0 0 0 0 0 0 0 0 
1 1 1 1 1 0 1 0 0 1 0 1 1 1 1 1 1 1 1 0 1 1 1 1 1 1 0 1 1 1 1 1 1 0 1 1 0 1 0 1 0 0 0 0 0 1 0 0 1 1 1 1 1 0 1 1 1 1 0 1 1 0 1 0 0 0 1 0 0 1 0 1 1 0 0 0 1 0 0 1 1 1 1 1 1 1 0 1 1 0 1 0 1 0 1 1 0 1 0 0 1 1 1 0 0 1 1 1 0 0 0 0 1 1 1 0 0 1 0 1 
1 1 1 1 1 0 1 0 0 1 0 1 1 1 1 1 1 1 1 0 1 1 1 1 1 1 0 1 1 1 1 1 1 0 1 1 0 1 0 1 0 0 1 0 0 1 0 0 1 1 1 1 1 0 1 1 1 1 0 1 1 0 1 0 0 0 1 0 0 1 0 1 1 0 0 0 1 0 0 1 1 1 1 1 1 1 0 1 1 0 1 0 1 0 1 1 0 1 0 0 1 1 1 0 0 1 1 1 0 0 0 0 1 1 1 0 0 1 0 1 
0 0 0 0 0 0 0 0 0 0 0 0 0 0 0 0 0 0 0 0 0 0 0 0 0 0 0 0 0 0 0 0 0 0 0 0 0 0 0 0 0 0 0 0 0 0 0 0 0 0 0 0 0 0 0 0 0 0 0 0 0 0 0 0 0 0 0 0 0 0 0 0 0 0 0 0 0 0 0 0 0 0 0 0 1 0 0 0 0 0 0 0 0 0 0 0 0 0 0 0 0 0 0 0 0 0 0 0 0 0 0 0 0 0 0 0 0 0 0 0 
1 1 1 1 1 0 1 0 0 1 0 1 1 1 1 1 1 1 1 0 1 1 1 1 1 1 0 1 1 1 1 1 1 0 1 1 0 1 0 1 0 0 0 0 0 1 0 0 1 1 1 1 1 0 1 1 1 1 0 1 1 0 1 0 0 0 1 0 0 1 0 1 1 0 0 0 1 0 0 1 1 1 1 1 1 1 0 1 1 0 1 0 1 0 1 1 0 1 0 0 1 1 1 0 0 1 1 1 0 0 0 0 0 1 1 0 0 1 0 1 
1 1 1 1 1 0 1 0 0 1 0 1 1 1 1 1 1 1 1 0 1 1 1 1 1 1 0 1 1 1 1 1 1 0 1 1 0 1 0 1 0 0 0 0 0 1 0 0 1 1 1 1 1 0 1 1 1 1 0 1 1 0 1 0 0 0 1 0 0 1 0 1 1 0 0 0 1 0 0 1 1 1 1 1 1 1 0 1 1 0 1 0 1 0 1 1 0 1 0 0 1 1 1 0 0 1 1 1 0 0 0 0 1 0 1 0 0 1 0 1 
1 1 1 1 1 0 1 0 0 1 0 1 1 1 1 1 1 1 1 0 1 1 1 1 1 1 0 1 1 1 1 1 1 0 1 1 0 1 0 1 0 0 0 0 0 1 0 0 1 1 1 1 1 0 1 1 1 1 0 1 1 0 1 0 0 0 1 0 0 1 0 1 1 0 0 0 1 0 0 1 1 1 1 1 1 1 0 1 1 0 1 0 1 0 1 1 0 1 0 0 1 1 1 0 0 1 1 1 0 0 0 0 1 1 0 0 0 1 0 1 
0 0 0 0 0 0 0 0 0 0 0 0 0 0 0 0 0 0 0 0 0 0 0 0 0 0 0 0 0 0 0 0 0 0 0 0 0 0 0 0 0 0 0 0 0 0 0 0 0 0 0 0 0 0 0 0 0 0 1 0 0 0 0 0 0 0 0 0 0 0 0 0 0 0 0 0 0 0 0 0 0 0 0 0 0 0 0 0 0 0 0 0 0 0 0 0 0 0 0 0 0 0 0 0 0 0 0 0 0 0 0 0 0 0 0 0 0 0 0 0 
0 0 0 0 0 0 0 0 0 0 0 0 0 0 0 0 0 0 0 0 0 0 0 0 0 0 0 0 0 0 0 0 0 0 0 0 0 0 0 0 0 0 0 0 0 0 0 0 0 0 0 0 0 0 0 0 0 0 0 0 0 0 0 0 0 0 0 0 0 0 0 0 0 0 0 0 0 0 0 0 0 0 0 0 0 0 0 0 0 0 0 0 0 0 0 0 0 0 0 0 0 0 0 0 0 0 0 0 0 0 0 0 0 0 0 0 0 0 0 0 
1 1 1 1 1 0 1 0 0 1 0 1 1 1 1 1 1 1 1 0 1 1 1 1 1 1 0 1 1 1 1 1 1 0 1 1 0 1 0 1 0 0 0 0 0 1 0 0 1 1 1 1 1 0 1 1 1 1 0 1 1 0 1 0 0 0 1 0 0 1 0 1 1 0 0 0 1 0 0 1 1 1 1 1 1 1 0 1 1 0 1 0 1 0 1 1 0 1 0 0 1 1 1 0 0 1 1 1 0 0 0 0 1 1 1 0 0 0 0 1 
1 1 1 1 1 0 1 1 0 1 1 1 1 1 1 1 1 1 1 0 1 1 1 1 1 1 0 1 1 1 1 1 1 0 1 1 0 1 0 1 0 0 0 0 0 1 0 0 1 1 1 1 1 0 1 1 1 1 0 1 1 0 1 0 0 0 1 0 0 1 0 1 1 0 0 0 1 0 0 1 1 1 1 1 1 1 0 1 1 0 1 0 1 0 1 1 0 1 0 0 1 1 1 0 0 1 1 1 0 0 0 0 1 1 1 0 0 1 0 1 
1 1 1 1 1 0 1 0 0 1 0 1 1 1 1 1 1 1 1 0 1 1 1 1 1 1 0 1 1 1 1 1 1 0 1 1 0 1 0 1 0 0 0 0 0 1 0 0 1 1 1 1 1 0 1 1 1 1 0 1 1 0 1 0 0 0 1 0 0 1 0 1 1 0 0 0 1 0 0 1 1 1 1 1 1 1 0 1 1 0 1 0 1 0 1 1 0 1 0 0 1 1 1 0 0 1 1 1 0 0 0 0 1 1 1 0 0 1 0 0 
