# Number of items
60
# Stacking height
6
# Number of stacks
45
# Item name and Appearance
# (0 for I^{fix}, 1 for I^1, 2 for I^2)
   001     0
   002     0
   003     0
   004     0
   005     0
   006     0
   007     0
   008     0
   009     0
   010     0
   011     0
   012     0
   013     0
   014     0
   015     0
   016     0
   017     0
   018     0
   019     0
   020     0
   021     0
   022     0
   023     0
   024     0
   025     0
   026     0
   027     0
   028     0
   029     0
   030     1
   031     1
   032     1
   033     1
   034     1
   035     1
   036     1
   037     1
   038     1
   039     1
   040     1
   041     1
   042     1
   043     1
   044     1
   045     1
   046     1
   047     1
   048     1
   049     1
   050     1
   051     1
   052     1
   053     1
   054     1
   055     1
   056     1
   057     1
   058     1
   059     2
   060     2
# Positions of Ifix-items in the format (itemName, stack, level)
   001    11     1
   002     9     1
   003     4     1
   004     7     2
   005     1     3
   006     1     1
   007     5     3
   008     3     2
   009     3     1
   010     3     3
   011     2     2
   012     2     1
   013     2     4
   014     1     4
   015     4     2
   016    10     1
   017     6     1
   018    14     1
   019     7     1
   020     5     2
   021     6     2
   022     5     1
   023     2     3
   024     6     3
   025    12     1
   026     1     2
   027     4     3
   028     8     1
   029    13     1
# Stacking matrix
# Info: number of 1-entries = 1416, density = 0.40
0 0 0 1 1 1 0 1 1 0 0 1 0 0 0 1 1 1 1 1 1 1 0 1 0 1 0 1 1 1 1 1 1 1 0 1 0 0 1 1 0 1 1 0 1 1 1 0 0 0 1 0 1 1 0 1 0 1 1 1 
0 0 0 0 0 0 0 0 0 0 0 0 0 0 0 0 0 0 0 0 0 0 0 0 0 0 0 0 0 0 0 0 0 0 0 0 0 0 0 0 0 0 0 0 0 0 0 0 0 0 0 0 0 0 0 0 0 0 0 0 
1 0 0 1 1 1 0 1 1 0 1 1 0 0 0 1 1 1 1 1 1 1 0 1 0 1 0 1 1 1 1 1 1 1 1 1 0 0 1 1 1 1 1 0 1 1 1 0 0 0 1 0 1 1 1 1 0 1 1 1 
1 0 0 0 1 1 0 1 1 0 0 1 0 0 0 1 1 1 1 1 1 1 0 1 0 1 0 1 1 1 1 1 1 1 0 1 0 0 1 1 0 1 1 0 1 1 1 0 0 0 1 0 1 1 0 1 0 1 1 1 
1 0 0 1 0 1 0 1 1 0 0 1 0 0 0 1 1 1 1 1 1 1 0 1 0 1 0 1 1 1 1 1 1 1 0 1 0 0 1 1 0 1 1 0 1 1 1 0 0 0 1 0 1 1 0 1 0 1 1 1 
1 0 0 1 1 0 0 1 1 0 0 1 0 0 0 1 1 1 1 1 1 1 0 1 0 1 0 1 1 1 1 1 1 1 0 1 0 0 1 1 0 1 1 0 1 1 1 0 0 0 1 0 1 1 0 1 0 1 1 1 
0 0 0 0 0 0 0 0 0 0 0 0 0 0 0 0 0 0 0 1 0 1 0 0 0 0 0 0 0 0 0 0 0 0 0 0 0 0 0 0 0 0 0 0 0 0 0 0 0 0 0 0 0 0 0 0 0 0 0 0 
1 0 0 1 1 1 0 0 1 0 0 1 0 0 0 1 1 1 1 1 1 1 0 1 0 1 0 1 1 1 1 1 1 1 0 1 0 0 1 1 0 1 1 0 1 1 1 0 0 0 1 0 1 1 0 1 0 1 1 1 
0 0 0 0 0 0 0 0 0 0 0 0 0 0 0 0 0 0 0 0 0 0 0 0 0 0 0 0 0 0 0 0 0 0 0 0 0 0 0 0 0 0 0 0 0 0 0 0 0 0 0 0 0 0 0 0 0 0 0 0 
1 0 0 1 1 1 0 1 1 0 0 1 0 0 0 1 1 1 1 1 1 1 0 1 0 1 0 1 1 1 1 1 1 1 0 1 0 0 1 1 0 1 1 0 1 1 1 0 0 0 1 0 1 1 0 1 0 1 1 1 
1 0 0 1 1 1 0 1 1 0 0 1 0 0 0 1 1 1 1 1 1 1 0 1 0 1 0 1 1 1 1 1 1 1 0 1 0 0 1 1 1 1 1 0 1 1 1 0 0 0 1 0 1 1 1 1 0 1 1 1 
0 0 0 0 0 0 0 0 0 0 0 0 0 0 0 0 0 0 0 0 0 0 0 0 0 0 0 0 0 0 0 0 0 0 0 0 0 0 0 0 0 1 0 0 0 0 0 0 0 0 0 0 0 0 0 0 0 0 0 0 
1 0 0 1 1 1 0 1 1 0 1 1 0 0 0 1 1 1 1 1 1 1 1 1 0 1 0 1 1 1 1 1 1 1 0 1 0 0 1 1 1 1 1 0 1 1 1 0 0 0 1 0 1 1 1 1 0 1 1 1 
1 0 0 1 1 1 0 1 1 0 1 1 0 0 0 1 1 1 1 1 1 1 0 1 0 1 0 1 1 1 1 1 1 1 0 1 0 0 1 1 1 1 1 0 1 1 1 0 0 0 1 0 1 1 1 1 0 1 1 1 
1 0 1 1 1 1 0 1 1 0 1 1 0 0 0 1 1 1 1 1 1 1 0 1 0 1 0 1 1 1 1 1 1 1 1 1 0 0 1 1 1 1 1 0 1 1 1 0 0 0 1 0 1 1 1 1 0 1 1 1 
1 0 0 1 1 1 0 1 1 0 0 1 0 0 0 0 1 1 1 1 1 1 0 1 0 1 0 1 1 1 1 1 1 1 0 1 0 0 1 1 0 1 1 0 1 1 1 0 0 0 1 0 1 1 0 1 0 1 1 1 
0 0 0 0 0 0 0 0 0 0 0 0 0 0 0 0 0 0 0 0 0 0 0 0 0 0 0 0 0 0 0 0 0 0 0 0 0 0 0 0 0 0 0 0 0 0 0 0 0 0 0 0 0 0 0 0 0 0 0 0 
0 0 0 0 0 0 0 0 0 0 0 0 0 0 0 0 0 0 0 0 0 0 0 0 0 0 0 0 0 0 0 0 0 0 0 0 0 0 0 0 0 0 0 0 0 0 0 0 0 0 0 0 0 0 0 0 0 0 0 0 
1 0 0 1 1 1 0 1 1 0 0 1 0 0 0 1 1 1 0 1 1 1 0 1 0 1 0 1 1 1 1 1 1 1 0 1 0 0 1 1 0 1 1 0 1 1 1 0 0 0 1 0 1 1 0 1 0 1 1 1 
0 0 0 0 0 0 0 0 0 0 0 0 0 0 0 0 0 0 0 0 0 1 0 0 0 0 0 0 0 0 0 0 0 0 0 0 0 0 0 0 0 0 0 0 0 0 0 0 0 0 0 0 0 0 0 0 0 0 0 0 
0 0 0 0 0 0 0 0 0 0 0 0 0 0 0 0 1 0 0 0 0 0 0 0 0 0 0 0 0 0 0 0 0 0 0 0 0 0 0 0 0 0 0 0 0 0 0 0 0 0 0 0 0 0 0 0 0 0 0 0 
0 0 0 0 0 0 0 0 0 0 0 0 0 0 0 0 0 0 0 1 0 0 0 0 0 0 0 0 0 0 0 0 0 0 0 0 0 0 0 0 0 0 0 0 0 0 0 0 0 0 0 0 0 0 0 0 0 0 0 0 
1 0 0 1 1 1 0 1 1 0 1 1 0 0 0 1 1 1 1 1 1 1 0 1 0 1 0 1 1 1 1 1 1 1 0 1 0 0 1 1 1 1 1 0 1 1 1 0 0 0 1 0 1 1 1 1 0 1 1 1 
1 0 0 1 1 1 0 1 1 0 0 1 0 0 0 1 1 1 1 1 1 1 0 0 0 1 0 1 1 1 1 1 1 1 0 1 0 0 1 1 0 1 1 0 1 1 1 0 0 0 1 0 1 1 0 1 0 1 1 1 
1 0 0 1 1 1 0 1 1 0 0 1 0 0 0 1 1 1 1 1 1 1 0 1 0 1 0 1 1 1 1 1 1 1 0 1 0 0 1 1 0 1 1 0 1 1 1 0 0 0 1 0 1 1 0 1 0 1 1 1 
1 0 0 1 1 1 0 1 1 0 0 1 0 0 0 1 1 1 1 1 1 1 0 1 0 0 0 1 1 1 1 1 1 1 0 1 0 0 1 1 0 1 1 0 1 1 1 0 0 0 1 0 1 1 0 1 0 1 1 1 
1 0 1 1 1 1 0 1 1 0 1 1 0 1 1 1 1 1 1 1 1 1 0 1 0 1 0 1 1 1 1 1 1 1 1 1 0 0 1 1 1 1 1 0 1 1 1 0 0 0 1 0 1 1 1 1 0 1 1 1 
0 0 0 0 0 0 0 0 0 0 0 0 0 0 0 0 0 0 0 0 0 0 0 0 0 0 0 0 0 0 0 0 0 0 0 0 0 0 0 0 0 0 0 0 0 0 0 0 0 0 0 0 0 0 0 0 0 0 0 0 
1 0 0 1 1 1 0 1 1 0 0 1 0 0 0 1 1 1 1 1 1 1 0 1 0 1 0 1 0 1 1 1 1 1 0 1 0 0 1 1 0 1 1 0 1 1 1 0 0 0 1 0 1 1 0 1 0 1 1 1 
1 0 0 1 1 1 0 1 1 0 0 1 0 0 0 1 1 1 1 1 1 1 0 1 0 1 0 1 1 0 1 1 1 1 0 1 0 0 1 1 0 1 1 0 1 1 1 0 0 0 1 0 1 1 0 1 0 1 1 1 
0 0 0 0 0 0 0 0 0 0 0 0 0 0 0 0 0 0 0 0 0 0 0 0 0 0 0 0 0 0 0 0 0 0 0 0 0 0 0 0 0 0 0 0 0 0 0 0 0 0 0 0 0 0 0 0 0 0 0 0 
1 0 0 1 1 1 0 1 1 0 0 1 0 0 0 1 1 1 1 1 1 1 0 1 0 1 0 1 1 1 1 0 1 1 0 1 0 0 1 1 0 1 1 0 1 1 1 0 0 0 1 0 1 1 0 1 0 1 1 1 
1 0 0 1 1 1 0 1 1 0 0 1 0 0 0 1 1 1 1 1 1 1 0 1 0 1 0 1 1 1 1 1 0 1 0 1 0 0 1 1 0 1 1 0 1 1 1 0 0 0 1 0 1 1 0 1 0 1 1 1 
0 0 0 0 0 0 0 0 0 0 0 0 0 0 0 0 0 1 0 1 0 1 0 0 0 0 0 0 0 0 0 0 0 0 0 0 0 0 0 1 0 1 0 0 0 0 0 0 0 0 0 0 0 1 0 0 0 1 1 1 
0 0 0 0 0 0 0 0 0 0 0 0 0 0 0 0 0 0 0 0 0 0 0 0 0 0 0 0 0 0 0 0 0 0 0 0 0 0 0 0 0 0 0 0 0 0 0 0 0 0 0 0 0 0 0 0 0 0 0 0 
1 0 0 1 1 1 0 1 1 0 0 1 0 0 0 1 1 1 1 1 1 1 0 1 0 1 0 1 1 1 1 1 1 1 0 0 0 0 1 1 0 1 1 0 1 1 1 0 0 0 1 0 1 1 0 1 0 1 1 1 
0 0 0 0 0 0 0 0 0 0 0 0 0 0 0 0 0 0 0 0 0 0 0 0 0 0 0 0 0 0 0 0 0 0 0 0 0 0 0 0 0 1 0 0 0 0 0 1 0 0 0 0 0 0 0 0 0 0 0 0 
1 0 0 1 1 1 0 1 1 0 0 1 0 0 0 1 1 1 1 1 1 1 0 1 0 1 0 1 1 1 1 1 1 1 0 1 0 0 1 1 0 1 1 0 1 1 1 0 0 0 1 0 1 1 1 1 0 1 1 1 
1 0 0 1 1 1 0 1 1 0 0 1 0 0 0 1 1 1 1 1 1 1 0 1 0 1 0 1 1 1 1 1 1 1 0 1 0 0 0 1 0 1 1 0 1 1 1 0 0 0 1 0 1 1 0 1 0 1 1 1 
0 0 0 0 0 0 0 0 0 0 0 0 0 0 0 0 0 0 0 1 0 1 0 0 0 0 0 0 0 0 0 0 0 0 0 0 0 0 0 0 0 0 0 0 0 0 0 0 0 0 0 0 0 0 0 0 0 0 0 0 
1 0 0 1 1 1 0 1 1 0 0 1 0 0 0 1 1 1 1 1 1 1 0 1 0 1 0 1 1 1 1 1 1 1 0 1 0 0 1 1 0 1 1 0 1 1 1 0 0 0 1 0 1 1 0 1 0 1 1 1 
0 0 0 0 0 0 0 0 0 0 0 0 0 0 0 0 0 0 0 0 0 0 0 0 0 0 0 0 0 0 0 0 0 0 0 0 0 0 0 0 0 0 0 0 0 0 0 0 0 0 0 0 0 0 0 0 0 0 0 0 
0 0 0 0 0 0 0 0 0 0 0 0 0 0 0 0 0 0 0 0 0 0 0 0 0 0 0 0 0 0 0 0 0 0 0 0 0 0 0 0 0 0 0 0 0 0 0 0 0 0 0 0 0 0 0 0 0 0 0 0 
0 0 0 0 0 0 0 0 0 0 0 0 0 0 0 0 0 0 0 0 0 0 0 0 0 0 0 0 0 0 0 0 0 0 0 0 0 0 0 0 0 0 0 0 0 0 0 0 0 0 0 0 0 0 0 0 0 0 0 0 
1 0 0 1 1 1 0 1 1 0 0 1 0 0 0 1 1 1 1 1 1 1 0 1 0 1 0 1 1 1 1 1 1 1 0 1 0 0 1 1 0 1 1 0 0 1 1 0 0 0 1 0 1 1 0 1 0 1 1 1 
1 0 0 1 1 1 0 1 1 0 0 1 0 0 0 1 1 1 1 1 1 1 0 1 0 1 0 1 1 1 1 1 1 1 0 1 0 0 1 1 0 1 1 0 1 0 1 0 0 0 1 0 1 1 0 1 0 1 1 1 
1 0 0 1 1 1 0 1 1 0 0 1 0 0 0 1 1 1 1 1 1 1 0 1 0 1 0 1 1 1 1 1 1 1 0 1 0 0 1 1 0 1 1 0 1 1 0 0 0 0 1 0 1 1 0 1 0 1 1 1 
0 0 0 0 0 0 0 0 0 0 0 0 0 0 0 0 0 0 0 0 0 0 0 0 0 0 0 0 0 0 0 0 0 0 0 0 1 0 0 0 0 1 0 0 0 0 0 0 0 0 0 0 0 0 0 0 0 0 0 0 
0 0 0 0 0 0 0 0 0 0 0 0 0 0 0 0 0 0 0 0 0 0 0 0 0 0 0 0 0 0 0 0 0 0 0 0 0 0 0 0 0 0 0 0 0 0 0 0 0 0 0 0 0 0 0 0 0 0 0 0 
1 0 0 1 1 1 0 1 1 0 0 1 0 0 0 1 1 1 1 1 1 1 0 1 0 1 0 1 1 1 1 1 1 1 0 1 0 0 1 1 0 1 1 0 1 1 1 0 0 0 1 0 1 1 0 1 0 1 1 1 
1 0 0 1 1 1 0 1 1 0 0 1 0 0 0 1 1 1 1 1 1 1 0 1 0 1 0 1 1 1 1 1 1 1 0 1 0 0 1 1 0 1 1 0 1 1 1 0 0 0 0 0 1 1 0 1 0 1 1 1 
1 0 1 1 1 1 0 1 1 0 1 1 0 0 0 1 1 1 1 1 1 1 0 1 0 1 0 1 1 1 1 1 1 1 1 1 0 0 1 1 1 1 1 0 1 1 1 0 0 0 1 0 1 1 1 1 0 1 1 1 
1 0 0 1 1 1 0 1 1 0 0 1 0 0 0 1 1 1 1 1 1 1 0 1 0 1 0 1 1 1 1 1 1 1 0 1 0 0 1 1 0 1 1 0 1 1 1 0 0 0 1 0 0 1 0 1 0 1 1 1 
0 0 0 0 0 0 0 0 0 0 0 0 0 0 0 0 0 0 0 0 0 0 0 0 0 0 0 0 0 0 0 0 0 0 0 0 0 0 0 0 0 1 0 0 0 0 0 0 0 0 0 0 0 0 0 0 0 0 0 0 
1 0 0 1 1 1 0 1 1 0 0 1 0 0 0 1 1 1 1 1 1 1 0 1 0 1 0 1 1 1 1 1 1 1 0 1 0 0 1 1 0 1 1 0 1 1 1 0 0 0 1 0 1 1 0 1 0 1 1 1 
1 0 0 1 1 1 0 1 1 0 0 1 0 0 0 1 1 1 1 1 1 1 0 1 0 1 0 1 1 1 1 1 1 1 0 1 0 0 1 1 0 1 1 0 1 1 1 0 0 0 1 0 1 1 0 0 0 1 1 1 
1 0 0 1 1 1 0 1 1 0 0 1 0 0 0 1 1 1 1 1 1 1 0 1 0 1 0 1 1 1 1 1 1 1 0 1 0 0 1 1 0 1 1 0 1 1 1 0 0 0 1 0 1 1 0 1 0 1 1 1 
0 0 0 0 0 0 0 0 0 0 0 0 0 0 0 0 0 0 0 0 0 0 0 0 0 0 0 0 0 0 0 0 0 0 0 0 0 0 0 0 0 0 0 0 0 0 0 0 0 0 0 0 0 0 0 0 0 0 0 0 
0 0 0 0 0 0 0 0 0 0 0 0 0 0 0 0 0 1 0 1 0 1 0 0 0 0 0 0 0 0 0 0 0 0 0 0 0 0 0 1 0 1 0 0 0 0 0 0 0 0 0 0 0 1 0 0 0 0 0 0 
0 0 0 0 0 0 0 0 0 0 0 0 0 0 0 0 0 1 0 1 0 1 0 0 0 0 0 0 0 0 0 0 0 0 0 0 0 0 0 1 0 1 0 0 0 0 0 0 0 0 0 0 0 1 0 0 0 0 1 0 
