# Number of items
90
# Stacking height
6
# Number of stacks
68
# Item name and Appearance
# (0 for I^{fix}, 1 for I^1, 2 for I^2)
   001     0
   002     0
   003     0
   004     0
   005     0
   006     0
   007     0
   008     0
   009     0
   010     0
   011     0
   012     0
   013     0
   014     0
   015     0
   016     0
   017     0
   018     0
   019     0
   020     0
   021     0
   022     0
   023     0
   024     0
   025     0
   026     0
   027     0
   028     0
   029     0
   030     0
   031     0
   032     0
   033     0
   034     0
   035     1
   036     1
   037     1
   038     1
   039     1
   040     1
   041     1
   042     1
   043     1
   044     1
   045     1
   046     1
   047     1
   048     1
   049     1
   050     1
   051     1
   052     1
   053     1
   054     1
   055     1
   056     1
   057     1
   058     1
   059     1
   060     2
   061     2
   062     2
   063     2
   064     2
   065     2
   066     2
   067     2
   068     2
   069     2
   070     2
   071     2
   072     2
   073     2
   074     2
   075     2
   076     2
   077     2
   078     2
   079     2
   080     2
   081     2
   082     2
   083     2
   084     2
   085     2
   086     2
   087     2
   088     2
   089     2
   090     2
# Positions of Ifix-items in the format (itemName, stack, level)
   001     8     2
   002    13     1
   003    11     1
   004    10     2
   005    16     1
   006    14     1
   007     6     1
   008     6     3
   009     4     1
   010     3     2
   011     4     3
   012     5     3
   013     1     3
   014     7     2
   015    11     2
   016     2     1
   017     9     2
   018     2     3
   019     1     1
   020     7     1
   021     3     3
   022     9     1
   023     3     1
   024     8     1
   025     2     2
   026    15     1
   027    12     1
   028     1     4
   029    10     1
   030     1     2
   031     4     2
   032     6     2
   033     5     1
   034     5     2
# Stacking matrix
# Info: number of 1-entries = 3204, density = 0.40
0 0 1 0 1 0 1 0 1 1 0 1 1 1 1 1 1 0 1 1 1 1 1 1 0 1 1 0 0 1 1 1 1 1 1 0 1 1 0 0 0 1 1 0 0 1 0 0 1 1 1 0 1 1 0 0 1 0 0 0 1 1 0 1 0 1 1 0 1 0 0 1 0 1 1 1 0 0 1 1 0 1 0 1 0 1 0 1 0 1 
1 0 1 0 1 0 1 0 1 1 0 1 1 1 1 1 1 0 1 1 1 1 1 1 0 1 1 0 0 1 1 1 1 1 1 0 1 1 0 1 0 1 1 0 0 1 0 0 1 1 1 0 1 1 0 0 1 0 0 0 1 1 0 1 0 1 1 0 1 0 0 1 0 1 1 1 0 0 1 1 0 1 0 1 0 1 0 1 0 1 
0 0 0 0 0 0 0 0 0 0 0 1 0 0 1 0 0 0 0 0 0 0 0 0 0 0 0 0 0 0 0 0 1 1 0 0 0 0 0 0 0 0 0 0 0 0 0 0 0 0 0 0 0 0 0 0 0 0 0 0 0 0 0 0 0 0 0 0 0 0 0 0 0 0 0 0 0 0 0 0 0 0 0 0 0 0 0 0 0 0 
1 0 1 0 1 0 1 0 1 1 0 1 1 1 1 1 1 0 1 1 1 1 1 1 0 1 1 0 1 1 1 1 1 1 1 0 1 1 0 0 0 1 1 0 0 1 0 0 1 1 1 0 1 1 0 0 1 0 0 0 1 1 0 1 0 1 1 0 1 0 1 1 0 1 1 1 0 0 1 1 0 1 0 1 0 1 0 1 0 1 
1 0 1 0 0 0 1 0 1 1 0 1 1 1 1 1 1 0 1 1 1 1 1 1 0 1 1 0 0 1 1 1 1 1 1 0 1 1 0 0 0 1 1 0 0 1 0 0 1 1 1 0 1 1 0 0 1 0 0 0 1 1 0 1 0 1 1 0 1 0 0 1 0 1 1 1 0 0 1 1 0 1 0 1 0 1 0 1 0 1 
1 0 1 0 1 0 1 0 1 1 0 1 1 1 1 1 1 0 1 1 1 1 1 1 0 1 1 0 0 1 1 1 1 1 1 0 1 1 0 0 0 1 1 0 0 1 0 0 1 1 1 0 1 1 0 0 1 0 0 0 1 1 0 1 0 1 1 0 1 0 0 1 0 1 1 1 0 0 1 1 0 1 0 1 0 1 0 1 0 1 
1 0 1 0 1 0 0 0 1 1 0 1 1 1 1 1 1 0 1 1 1 1 1 1 0 1 1 0 0 1 1 1 1 1 1 0 1 1 0 0 0 1 1 0 0 1 0 0 1 1 1 0 1 1 0 0 1 0 0 0 1 1 0 1 0 1 1 0 1 0 0 1 0 1 1 1 0 0 1 1 0 1 0 1 0 1 0 1 0 1 
1 0 1 0 1 0 1 0 1 1 0 1 1 1 1 1 1 0 1 1 1 1 1 1 0 1 1 0 0 1 1 1 1 1 1 0 1 1 0 0 0 1 1 0 0 1 0 0 1 1 1 0 1 1 0 0 1 0 0 0 1 1 0 1 0 1 1 0 1 0 0 1 0 1 1 1 0 0 1 1 0 1 0 1 0 1 0 1 0 1 
1 0 1 0 1 0 1 0 0 1 0 1 1 1 1 1 1 0 1 1 1 1 1 1 0 1 1 0 0 1 1 1 1 1 1 0 1 1 0 0 0 1 1 0 0 1 0 0 1 1 1 0 1 1 0 0 1 0 0 0 1 1 0 1 0 1 1 0 1 0 0 1 0 1 1 1 0 0 1 1 0 1 0 1 0 1 0 1 0 1 
1 0 1 0 1 0 1 0 1 0 0 1 1 1 1 1 1 0 1 1 1 1 1 1 0 1 1 0 0 1 1 1 1 1 1 0 1 1 0 0 0 1 1 0 0 1 0 0 1 1 1 0 1 1 0 0 1 0 0 0 1 1 0 1 0 1 1 0 1 0 0 1 0 1 1 1 0 0 1 1 0 1 0 1 0 1 0 1 0 1 
1 0 1 0 1 0 1 0 1 1 0 1 1 1 1 1 1 0 1 1 1 1 1 1 0 1 1 0 0 1 1 1 1 1 1 0 1 1 0 0 0 1 1 0 0 1 0 0 1 1 1 0 1 1 0 0 1 0 0 0 1 1 0 1 0 1 1 0 1 0 0 1 0 1 1 1 0 0 1 1 0 1 0 1 0 1 0 1 0 1 
0 0 1 0 0 0 0 0 0 0 0 0 0 0 1 0 0 0 0 0 0 0 0 0 0 0 0 0 0 0 0 0 1 1 0 0 0 0 0 0 0 0 0 0 0 0 0 0 0 0 0 0 0 0 0 0 0 0 0 0 0 0 0 0 0 0 0 0 0 0 0 0 0 0 0 0 0 0 0 0 0 0 0 0 0 0 0 0 0 0 
1 0 1 0 1 0 1 0 1 1 0 1 0 1 1 1 1 0 1 1 1 1 1 1 0 1 1 0 0 1 1 1 1 1 1 0 1 1 0 0 0 1 1 0 0 1 0 0 1 1 1 0 1 1 0 0 1 0 0 0 1 1 0 1 0 1 1 0 1 0 0 1 0 1 1 1 0 0 1 1 0 1 0 1 0 1 0 1 0 1 
1 0 1 0 1 0 1 0 1 1 0 1 1 0 1 1 1 0 1 1 1 1 1 1 0 1 1 0 0 1 1 1 1 1 1 0 1 1 0 0 0 1 1 0 0 1 0 0 1 1 1 0 1 1 0 0 1 0 0 0 1 1 0 1 0 1 1 0 1 0 0 1 0 1 1 1 0 0 1 1 0 1 0 1 0 1 0 1 0 1 
0 0 1 0 0 0 0 0 0 0 0 1 0 0 0 0 0 0 0 0 0 0 0 0 0 0 0 0 0 0 0 0 1 1 0 0 0 0 0 0 0 0 0 0 0 0 0 0 0 0 0 0 0 0 0 0 0 0 0 0 0 0 0 0 0 0 0 0 0 0 0 0 0 0 0 0 0 0 0 0 0 0 0 0 0 0 0 0 0 0 
1 0 1 0 1 0 1 0 1 1 0 1 1 1 1 0 1 0 1 1 1 1 1 1 0 1 1 0 0 1 1 1 1 1 1 0 1 1 0 0 0 1 1 0 0 1 0 0 1 1 1 0 1 1 0 0 1 0 0 0 1 1 0 1 0 1 1 0 1 0 0 1 0 1 1 1 0 0 1 1 0 1 0 1 0 1 0 1 0 1 
1 0 1 0 1 0 1 0 1 1 0 1 1 1 1 1 0 0 1 1 1 1 1 1 0 1 1 0 0 1 1 1 1 1 1 0 1 1 0 0 0 1 1 0 0 1 0 0 1 1 1 0 1 1 0 0 1 0 0 0 1 1 0 1 0 1 1 0 1 0 0 1 0 1 1 1 0 0 1 1 0 1 0 1 0 1 0 1 0 1 
1 0 1 0 1 0 1 0 1 1 1 1 1 1 1 1 1 0 1 1 1 1 1 1 1 1 1 0 0 1 1 1 1 1 1 0 1 1 0 0 0 1 1 0 1 1 0 0 1 1 1 0 1 1 0 0 1 0 0 0 1 1 0 1 0 1 1 0 1 0 0 1 0 1 1 1 0 0 1 1 0 1 0 1 0 1 0 1 0 1 
1 0 1 0 1 0 1 0 1 1 0 1 1 1 1 1 1 0 0 1 1 1 1 1 0 1 1 0 0 1 1 1 1 1 1 0 1 1 0 0 0 1 1 0 0 1 0 0 1 1 1 0 1 1 0 0 1 0 0 0 1 1 0 1 0 1 1 0 1 0 0 1 0 1 1 1 0 0 1 1 0 1 0 1 0 1 0 1 0 1 
1 0 1 0 1 0 1 0 1 1 0 1 1 1 1 1 1 0 1 0 1 1 1 1 0 1 1 0 0 1 1 1 1 1 1 0 1 1 0 0 0 1 1 0 0 1 0 0 1 1 1 0 1 1 0 0 1 0 0 0 1 1 0 1 0 1 1 0 1 0 0 1 0 1 1 1 0 0 1 1 0 1 0 1 0 1 0 1 0 1 
1 0 1 0 1 0 1 0 1 1 0 1 1 1 1 1 1 0 1 1 0 1 1 1 0 1 1 0 0 1 1 1 1 1 1 0 1 1 0 0 0 1 1 0 0 1 0 0 1 1 1 0 1 1 0 0 1 0 0 0 1 1 0 1 0 1 1 0 1 0 0 1 0 1 1 1 0 0 1 1 0 1 0 1 0 1 0 1 0 1 
1 0 1 0 1 0 1 0 1 1 0 1 1 1 1 1 1 0 1 1 1 0 1 1 0 1 1 0 0 1 1 1 1 1 1 0 1 1 0 0 0 1 1 0 0 1 0 0 1 1 1 0 1 1 0 0 1 0 0 0 1 1 0 1 0 1 1 0 1 0 0 1 0 1 1 1 0 0 1 1 0 1 0 1 0 1 0 1 0 1 
1 0 1 0 1 0 1 0 1 1 0 1 1 1 1 1 1 0 1 1 1 1 0 1 0 1 1 0 0 1 1 1 1 1 1 0 1 1 0 0 0 1 1 0 0 1 0 0 1 1 1 0 1 1 0 0 1 0 0 0 1 1 0 1 0 1 1 0 1 0 0 1 0 1 1 1 0 0 1 1 0 1 0 1 0 1 0 1 0 1 
0 0 0 0 0 0 0 0 0 0 0 0 0 0 0 0 0 0 0 0 0 0 0 0 0 0 0 0 0 0 0 0 0 0 0 0 0 0 0 0 0 0 0 0 0 0 0 0 0 0 0 0 0 0 0 0 0 0 0 0 0 0 0 0 0 0 0 0 0 0 0 0 0 0 0 0 0 0 0 0 0 0 0 0 0 0 0 0 0 0 
1 0 1 0 1 0 1 0 1 1 1 1 1 1 1 1 1 0 1 1 1 1 1 1 0 1 1 0 0 1 1 1 1 1 1 0 1 1 0 0 0 1 1 0 1 1 0 0 1 1 1 0 1 1 0 0 1 0 0 0 1 1 0 1 0 1 1 0 1 0 0 1 0 1 1 1 0 0 1 1 0 1 0 1 0 1 0 1 0 1 
1 0 1 0 1 0 1 0 1 1 0 1 1 1 1 1 1 0 1 1 1 1 1 1 0 0 1 0 0 1 1 1 1 1 1 0 1 1 0 0 0 1 1 0 0 1 0 0 1 1 1 0 1 1 0 0 1 0 0 0 1 1 0 1 0 1 1 0 1 0 0 1 0 1 1 1 0 0 1 1 0 1 0 1 0 1 0 1 0 1 
1 0 1 0 1 0 1 0 1 1 0 1 1 1 1 1 1 0 1 1 1 1 1 1 0 1 0 0 0 1 1 1 1 1 1 0 1 1 0 0 0 1 1 0 0 1 0 0 1 1 1 0 1 1 0 0 1 0 0 0 1 1 0 1 0 1 1 0 1 0 0 1 0 1 1 1 0 0 1 1 0 1 0 1 0 1 0 1 0 1 
1 0 1 0 1 0 1 0 1 1 0 1 1 1 1 1 1 0 1 1 1 1 1 1 0 1 1 0 0 1 1 1 1 1 1 0 1 1 0 0 0 1 1 0 0 1 1 0 1 1 1 0 1 1 0 0 1 0 0 0 1 1 0 1 0 1 1 0 1 0 0 1 0 1 1 1 0 0 1 1 0 1 0 1 0 1 0 1 0 1 
1 0 1 0 1 0 1 0 1 1 0 1 1 1 1 1 1 0 1 1 1 1 1 1 0 1 1 0 0 1 1 1 1 1 1 0 1 1 0 0 0 1 1 0 0 1 0 0 1 1 1 0 1 1 0 0 1 0 0 0 1 1 0 1 0 1 1 0 1 0 1 1 0 1 1 1 0 0 1 1 0 1 0 1 0 1 0 1 0 1 
1 0 1 0 1 0 1 0 1 1 0 1 1 1 1 1 1 0 1 1 1 1 1 1 0 1 1 0 0 0 1 1 1 1 1 0 1 1 0 0 0 1 1 0 0 1 0 0 1 1 1 0 1 1 0 0 1 0 0 0 1 1 0 1 0 1 1 0 1 0 0 1 0 1 1 1 0 0 1 1 0 1 0 1 0 1 0 1 0 1 
1 0 1 0 1 0 1 0 1 1 0 1 1 1 1 1 1 0 1 1 1 1 1 1 0 1 1 0 0 1 0 1 1 1 1 0 1 1 0 0 0 1 1 0 0 1 0 0 1 1 1 0 1 1 0 0 1 0 0 0 1 1 0 1 0 1 1 0 1 0 0 1 0 1 1 1 0 0 1 1 0 1 0 1 0 1 0 1 0 1 
1 0 1 0 1 0 1 0 1 1 0 1 1 1 1 1 1 0 1 1 1 1 1 1 0 1 1 0 0 1 1 0 1 1 1 0 1 1 0 0 0 1 1 0 0 1 0 0 1 1 1 0 1 1 0 0 1 0 0 0 1 1 0 1 0 1 1 0 1 0 0 1 0 1 1 1 0 0 1 1 0 1 0 1 0 1 0 1 0 1 
0 0 1 0 0 0 0 0 0 0 0 1 0 0 1 0 0 0 0 0 0 0 0 0 0 0 0 0 0 0 0 0 0 1 0 0 0 0 0 0 0 0 0 0 0 0 0 0 0 0 0 0 0 0 0 0 0 0 0 0 0 0 0 0 0 0 0 0 0 0 0 0 0 0 0 0 0 0 0 0 0 0 0 0 0 0 0 0 0 0 
0 0 1 0 0 0 0 0 0 0 0 1 0 0 1 0 0 0 0 0 0 0 0 0 0 0 0 0 0 0 0 0 1 0 0 0 0 0 0 0 0 0 0 0 0 0 0 0 0 0 0 0 0 0 0 0 0 0 0 0 0 0 0 0 0 0 0 0 0 0 0 0 0 0 0 0 0 0 0 0 0 0 0 0 0 0 0 0 0 0 
1 0 1 0 1 0 1 0 1 1 0 1 1 1 1 1 1 0 1 1 1 1 1 1 0 1 1 0 0 1 1 1 1 1 0 0 1 1 0 0 0 1 1 0 0 1 0 0 1 1 1 0 1 1 0 0 1 0 0 0 1 1 0 1 0 1 1 0 1 0 0 1 0 1 1 1 0 0 1 1 0 1 0 1 0 1 0 1 0 1 
1 0 1 0 1 0 1 0 1 1 0 1 1 1 1 1 1 0 1 1 1 1 1 1 0 1 1 0 0 1 1 1 1 1 1 0 1 1 0 0 0 1 1 0 0 1 0 0 1 1 1 0 1 1 0 0 1 0 0 0 1 1 0 1 0 1 1 0 1 0 0 1 0 1 1 1 0 0 1 1 0 1 0 1 0 1 0 1 0 1 
0 0 0 0 0 0 0 0 0 0 0 0 0 0 0 0 0 0 0 0 0 0 0 0 0 0 0 0 0 0 0 0 0 0 0 0 0 0 0 0 0 0 0 0 0 0 0 0 0 0 0 0 0 0 0 0 0 0 0 0 0 0 0 0 0 0 0 0 0 0 0 0 0 0 0 0 0 0 0 0 0 0 0 0 0 0 0 0 0 0 
0 0 0 0 0 0 0 0 0 0 0 0 0 0 0 0 0 0 0 0 0 0 0 0 0 0 0 0 0 0 0 0 0 0 0 0 0 0 0 0 0 0 0 0 0 0 0 0 0 1 0 0 0 0 0 0 0 0 0 0 0 0 0 0 0 0 0 0 0 0 0 0 0 0 0 0 0 0 0 0 0 0 0 0 0 0 0 0 0 0 
0 0 0 0 0 0 0 0 0 0 0 0 0 0 0 0 0 0 0 0 0 0 0 0 0 0 0 0 0 0 0 0 0 0 0 0 0 0 0 0 0 0 0 0 0 0 0 0 0 0 0 0 0 0 0 0 0 0 0 0 0 0 0 0 0 0 0 0 0 0 0 0 0 0 0 0 1 0 0 0 0 0 0 0 0 0 0 0 0 0 
1 0 1 0 1 0 1 0 1 1 0 1 1 1 1 1 1 0 1 1 1 1 1 1 0 1 1 0 0 1 1 1 1 1 1 0 1 1 0 0 0 1 1 0 0 1 0 0 1 1 1 0 1 1 0 0 1 0 0 0 1 1 0 1 0 1 1 0 1 0 0 1 0 1 1 1 0 0 1 1 0 1 0 1 0 1 0 1 0 1 
0 0 0 0 0 0 0 0 0 0 0 0 0 0 0 0 0 0 0 0 0 0 0 0 0 0 0 0 0 0 0 0 0 0 0 0 0 0 0 0 0 0 0 0 0 0 0 0 0 0 0 0 0 0 0 0 0 0 0 0 0 0 0 0 0 0 0 0 0 0 0 0 0 0 0 0 0 0 0 0 0 0 0 0 0 0 0 0 0 0 
0 0 0 0 0 0 0 0 0 0 0 0 0 0 0 0 0 0 0 0 0 0 0 0 0 0 0 0 0 0 0 0 0 0 0 0 0 0 0 0 0 0 0 0 0 0 0 0 0 0 0 0 0 0 0 0 0 0 0 0 0 0 0 0 0 0 0 0 0 0 0 0 0 0 0 0 0 0 0 0 0 0 0 0 0 0 0 0 0 0 
1 0 1 0 1 0 1 0 1 1 0 1 1 1 1 1 1 0 1 1 1 1 1 1 0 1 1 0 0 1 1 1 1 1 1 0 1 1 0 0 0 1 0 0 0 1 0 0 1 1 1 0 1 1 0 0 1 0 0 0 1 1 0 1 0 1 1 0 1 0 0 1 0 1 1 1 0 0 1 1 0 1 0 1 0 1 0 1 0 1 
1 0 1 0 1 0 1 0 1 1 0 1 1 1 1 1 1 0 1 1 1 1 1 1 0 1 1 0 0 1 1 1 1 1 1 0 1 1 0 0 1 1 1 0 0 1 0 0 1 1 1 0 1 1 0 0 1 0 0 0 1 1 1 1 0 1 1 0 1 0 0 1 0 1 1 1 0 0 1 1 0 1 0 1 0 1 0 1 0 1 
1 0 1 0 1 0 1 0 1 1 1 1 1 1 1 1 1 0 1 1 1 1 1 1 0 1 1 0 0 1 1 1 1 1 1 0 1 1 0 0 0 1 1 0 0 1 0 0 1 1 1 0 1 1 0 0 1 0 0 0 1 1 0 1 0 1 1 0 1 0 0 1 0 1 1 1 0 0 1 1 0 1 0 1 0 1 0 1 0 1 
0 0 0 0 0 0 0 0 0 0 0 0 0 0 0 0 0 0 0 0 0 0 0 0 0 0 0 0 0 0 0 0 0 0 0 0 0 0 0 0 0 0 0 0 0 0 0 0 0 0 0 0 0 0 0 0 0 0 0 0 0 0 0 0 0 0 0 0 0 0 0 0 0 0 0 0 0 0 0 0 0 0 0 0 0 0 0 0 0 0 
0 0 0 0 0 0 0 0 0 0 0 0 0 0 0 0 0 0 0 0 0 0 0 0 0 0 0 0 0 0 0 0 0 0 0 0 0 0 0 0 0 0 0 0 0 0 0 0 0 0 0 0 0 0 0 0 0 0 0 0 0 0 0 0 0 1 0 0 0 0 0 0 0 0 0 0 0 0 0 0 0 0 0 0 0 0 0 1 0 0 
0 0 0 0 0 0 0 0 0 0 0 0 0 0 0 0 0 0 0 0 0 0 0 0 0 0 0 0 0 0 0 0 0 0 0 0 0 0 0 0 0 0 0 0 0 0 0 0 0 0 0 0 0 0 0 0 0 0 0 0 0 0 0 0 0 0 0 0 0 0 0 0 0 0 0 0 0 0 0 0 0 0 0 0 0 0 0 0 0 0 
1 0 1 0 1 0 1 0 1 1 0 1 1 1 1 1 1 0 1 1 1 1 1 1 0 1 1 0 0 1 1 1 1 1 1 0 1 1 0 0 0 1 1 0 0 1 0 0 0 1 1 0 1 1 0 0 1 0 0 0 1 1 0 1 0 1 1 0 1 0 0 1 0 1 1 1 0 0 1 1 0 1 0 1 0 1 0 1 0 1 
0 0 0 0 0 0 0 0 0 0 0 0 0 0 0 0 0 0 0 0 0 0 0 0 0 0 0 0 0 0 0 0 0 0 0 0 0 0 0 0 0 0 0 0 0 0 0 0 0 0 0 0 0 0 0 0 0 0 0 0 0 0 0 0 0 0 0 0 0 0 0 0 0 0 0 0 0 0 0 0 0 0 0 0 0 0 0 0 0 0 
0 0 0 0 0 0 0 0 0 0 0 0 0 0 0 0 0 0 0 0 0 0 0 0 0 0 0 0 0 0 0 0 0 0 0 0 0 1 0 0 0 0 0 0 0 0 0 0 0 1 0 0 0 0 0 0 0 0 0 0 0 0 0 0 0 0 0 0 0 0 0 0 0 0 0 0 0 0 0 0 0 0 0 0 0 0 0 0 0 0 
0 0 0 0 0 0 0 0 0 0 0 0 0 0 0 0 0 0 0 0 0 0 0 0 0 0 0 0 0 0 0 0 0 0 0 0 0 0 0 0 0 0 0 0 0 0 0 0 0 0 0 0 0 0 0 0 0 0 0 0 0 0 0 0 0 0 0 0 0 0 0 0 0 0 0 0 0 0 0 0 0 0 0 0 0 0 0 0 0 0 
1 0 1 0 1 0 1 0 1 1 0 1 1 1 1 1 1 0 1 1 1 1 1 1 0 1 1 0 0 1 1 1 1 1 1 0 1 1 0 0 0 1 1 0 0 1 0 0 1 1 1 0 0 1 0 0 1 0 0 0 1 1 0 1 0 1 1 0 1 0 0 1 0 1 1 1 0 0 1 1 0 1 0 1 0 1 0 1 0 1 
1 0 1 0 1 0 1 0 1 1 0 1 1 1 1 1 1 0 1 1 1 1 1 1 0 1 1 0 0 1 1 1 1 1 1 0 1 1 0 0 0 1 1 0 0 1 0 0 1 1 1 0 1 0 0 0 1 0 0 0 1 1 0 1 0 1 1 0 1 0 0 1 0 1 1 1 0 0 1 1 0 1 0 1 0 1 0 1 0 1 
0 0 0 0 0 0 0 0 0 0 0 0 0 0 0 0 0 0 0 0 0 0 0 0 0 0 0 0 0 0 0 0 0 0 0 0 0 0 0 0 0 0 0 0 0 0 0 0 0 0 0 0 0 0 0 0 0 0 0 0 0 0 0 0 0 0 0 0 0 0 0 0 0 0 0 0 0 0 0 0 0 0 0 0 0 0 0 0 0 0 
0 0 0 0 0 0 0 0 0 0 0 0 0 0 0 0 0 0 0 0 0 0 0 0 0 0 0 0 0 0 0 0 0 0 0 0 0 0 0 0 0 1 0 0 0 0 0 0 0 0 0 0 0 0 0 0 0 0 0 0 0 0 0 0 0 0 0 0 0 0 0 0 0 0 0 0 0 0 0 0 0 0 0 0 0 0 0 0 0 0 
1 0 1 0 1 0 1 0 1 1 0 1 1 1 1 1 1 0 1 1 1 1 1 1 0 1 1 0 0 1 1 1 1 1 1 0 1 1 0 0 0 1 1 0 0 1 0 0 1 1 1 0 1 1 0 0 0 0 0 0 1 1 0 1 0 1 1 0 1 0 0 1 0 1 1 1 0 0 1 1 0 1 0 1 0 1 0 1 0 1 
0 0 0 0 0 0 0 0 0 0 0 0 0 0 0 0 0 0 0 0 0 0 0 0 0 0 0 0 0 0 0 0 0 0 0 0 0 0 0 0 0 0 0 0 0 0 0 0 0 0 0 0 0 0 0 0 0 0 0 0 0 0 0 0 0 0 0 0 0 0 0 0 0 0 0 0 0 0 0 0 0 0 0 0 0 0 0 0 0 0 
1 0 1 0 1 0 1 0 1 1 0 1 1 1 1 1 1 0 1 1 1 1 1 1 0 1 1 0 0 1 1 1 1 1 1 0 1 1 0 0 0 1 1 0 0 1 0 0 1 1 1 0 1 1 0 0 1 0 0 0 1 1 0 1 0 1 1 0 1 0 0 1 0 1 1 1 0 0 1 1 0 1 0 1 0 1 0 1 0 1 
1 0 1 0 1 0 1 0 1 1 0 1 1 1 1 1 1 0 1 1 1 1 1 1 0 1 1 0 0 1 1 1 1 1 1 0 1 1 0 0 0 1 1 0 0 1 0 0 1 1 1 0 1 1 0 0 1 0 0 0 1 1 0 1 0 1 1 0 1 0 0 1 0 1 1 1 0 0 1 1 0 1 0 1 0 1 0 1 0 1 
1 0 1 0 1 0 1 0 1 1 0 1 1 1 1 1 1 0 1 1 1 1 1 1 0 1 1 0 0 1 1 1 1 1 1 0 1 1 0 0 0 1 1 0 0 1 0 0 1 1 1 0 1 1 0 0 1 0 0 0 0 1 0 1 0 1 1 0 1 0 0 1 0 1 1 1 0 0 1 1 0 1 0 1 0 1 0 1 0 1 
1 0 1 0 1 0 1 0 1 1 0 1 1 1 1 1 1 0 1 1 1 1 1 1 0 1 1 0 0 1 1 1 1 1 1 0 1 1 0 0 0 1 1 0 0 1 0 0 1 1 1 0 1 1 0 0 1 0 0 0 1 0 0 1 0 1 1 0 1 0 0 1 0 1 1 1 0 0 1 1 0 1 0 1 0 1 0 1 0 1 
1 0 1 0 1 0 1 0 1 1 0 1 1 1 1 1 1 0 1 1 1 1 1 1 0 1 1 0 0 1 1 1 1 1 1 0 1 1 0 0 0 1 1 0 0 1 0 0 1 1 1 0 1 1 0 0 1 0 0 0 1 1 0 1 0 1 1 0 1 0 0 1 0 1 1 1 0 0 1 1 0 1 0 1 0 1 0 1 0 1 
1 0 1 0 1 0 1 0 1 1 0 1 1 1 1 1 1 0 1 1 1 1 1 1 0 1 1 0 0 1 1 1 1 1 1 0 1 1 0 0 0 1 1 0 0 1 0 0 1 1 1 0 1 1 0 0 1 0 0 0 1 1 0 0 0 1 1 0 1 0 0 1 0 1 1 1 0 0 1 1 0 1 0 1 0 1 0 1 0 1 
0 0 0 0 0 0 0 0 0 0 0 0 0 0 0 0 0 0 0 0 0 0 0 0 0 0 0 0 0 0 0 0 0 0 0 0 0 0 0 0 0 0 0 0 0 0 0 0 0 0 0 0 0 0 0 0 0 0 0 0 0 0 0 0 0 0 0 0 0 0 0 0 0 0 0 0 0 0 0 0 0 0 0 0 0 0 0 0 0 0 
0 0 0 0 0 0 0 0 0 0 0 0 0 0 0 0 0 0 0 0 0 0 0 0 0 0 0 0 0 0 0 0 0 0 0 0 0 0 0 0 0 0 0 0 0 0 0 0 0 0 0 0 0 0 0 0 0 0 0 0 0 0 0 0 0 0 0 0 0 0 0 0 0 0 0 0 0 0 0 0 0 0 0 0 0 0 0 1 0 0 
0 0 0 0 0 0 0 0 0 0 0 0 0 0 0 0 0 0 0 0 0 0 0 0 0 0 0 0 0 0 0 0 0 0 0 0 0 0 0 0 0 0 0 0 0 0 0 0 0 0 0 0 0 0 0 0 0 0 0 0 0 0 0 0 0 0 0 0 0 0 0 0 0 0 0 0 0 0 0 0 0 0 0 0 0 0 0 0 0 0 
1 0 1 0 1 0 1 0 1 1 0 1 1 1 1 1 1 0 1 1 1 1 1 1 0 1 1 0 0 1 1 1 1 1 1 0 1 1 0 0 1 1 1 1 0 1 0 0 1 1 1 0 1 1 0 0 1 0 0 0 1 1 1 1 1 1 1 0 1 0 0 1 0 1 1 1 0 0 1 1 0 1 0 1 0 1 0 1 0 1 
0 0 0 0 0 0 0 0 0 0 0 0 0 0 0 0 0 0 0 0 0 0 0 0 0 0 0 0 0 0 0 0 0 0 0 0 0 0 0 0 0 0 0 0 0 0 0 0 0 0 0 0 0 0 0 0 0 0 0 0 0 0 0 0 0 0 0 0 0 0 0 0 0 0 0 0 0 0 0 0 0 0 0 0 0 0 0 0 0 0 
1 0 1 0 1 0 1 0 1 1 0 1 1 1 1 1 1 0 1 1 1 1 1 1 0 1 1 0 0 1 1 1 1 1 1 0 1 1 1 0 0 1 1 0 0 1 0 0 1 1 1 0 1 1 0 0 1 0 0 0 1 1 0 1 0 1 1 0 1 0 0 1 0 1 1 1 1 0 1 1 0 1 0 1 0 1 0 1 0 1 
0 0 0 0 0 0 0 0 0 0 0 0 0 0 0 0 0 0 0 0 0 0 0 0 0 0 0 0 0 0 0 0 0 0 0 0 0 0 0 0 0 0 0 0 0 0 0 0 0 0 0 0 0 0 0 0 0 0 0 0 0 0 0 0 0 0 0 0 0 0 0 0 0 0 0 0 0 0 0 0 0 0 0 0 0 0 0 0 0 0 
1 0 1 0 1 0 1 0 1 1 0 1 1 1 1 1 1 0 1 1 1 1 1 1 0 1 1 0 0 1 1 1 1 1 1 0 1 1 0 0 0 1 1 0 0 1 0 0 1 1 1 0 1 1 0 0 1 0 0 0 1 1 0 1 0 1 1 0 1 0 0 0 0 1 1 1 0 0 1 1 0 1 0 1 0 1 0 1 0 1 
1 0 1 0 1 0 1 0 1 1 0 1 1 1 1 1 1 0 1 1 1 1 1 1 0 1 1 0 0 1 1 1 1 1 1 0 1 1 0 0 1 1 1 1 0 1 0 0 1 1 1 0 1 1 0 0 1 0 0 0 1 1 1 1 0 1 1 0 1 0 0 1 0 1 1 1 0 0 1 1 0 1 0 1 0 1 0 1 0 1 
0 0 0 0 0 0 0 0 0 0 0 0 0 0 0 0 0 0 0 0 0 0 0 0 0 0 0 0 0 0 0 0 0 0 0 0 0 0 0 0 0 0 0 0 0 0 0 0 0 0 0 0 0 0 0 0 0 0 0 0 0 0 0 0 0 0 0 0 0 0 0 0 0 0 0 0 0 0 0 0 0 0 0 0 0 0 0 0 0 0 
1 0 1 0 1 0 1 0 1 1 0 1 1 1 1 1 1 0 1 1 1 1 1 1 0 1 1 0 0 1 1 1 1 1 1 0 1 1 0 0 0 1 1 0 0 1 0 0 1 1 1 0 1 1 0 0 1 0 0 0 1 1 0 1 0 1 1 0 1 0 0 1 0 1 0 1 0 0 1 1 0 1 0 1 0 1 0 1 0 1 
1 0 1 0 1 0 1 0 1 1 0 1 1 1 1 1 1 0 1 1 1 1 1 1 0 1 1 0 0 1 1 1 1 1 1 0 1 1 0 0 0 1 1 0 0 1 0 0 1 1 1 0 1 1 0 0 1 0 0 0 1 1 0 1 0 1 1 0 1 0 0 1 0 1 1 0 0 0 1 1 0 1 0 1 0 1 0 1 0 1 
0 0 0 0 0 0 0 0 0 0 0 0 0 0 0 0 0 0 0 0 0 0 0 0 0 0 0 0 0 0 0 0 0 0 0 0 0 0 0 0 0 0 0 0 0 0 0 0 0 0 0 0 0 0 0 0 0 0 0 0 0 0 0 0 0 0 0 0 0 0 0 0 0 0 0 0 0 0 0 0 0 0 0 0 0 0 0 0 0 0 
0 0 1 0 0 0 0 0 0 0 0 1 0 0 1 0 0 0 0 0 0 0 0 0 0 0 0 0 0 0 0 0 1 1 0 0 0 0 0 0 0 0 0 0 0 0 0 0 0 0 0 0 0 0 0 0 0 0 0 0 0 0 0 0 0 0 0 0 0 0 0 0 0 0 0 0 0 0 0 0 0 0 0 0 0 0 0 0 0 0 
1 0 1 0 1 0 1 0 1 1 0 1 1 1 1 1 1 0 1 1 1 1 1 1 0 1 1 0 0 1 1 1 1 1 1 0 1 1 0 0 0 1 1 0 0 1 0 0 1 1 1 0 1 1 0 0 1 0 0 0 1 1 0 1 0 1 1 0 1 0 0 1 0 1 1 1 0 0 0 1 0 1 0 1 0 1 0 1 0 1 
1 0 1 0 1 0 1 0 1 1 0 1 1 1 1 1 1 0 1 1 1 1 1 1 0 1 1 0 0 1 1 1 1 1 1 0 1 1 0 0 0 1 1 0 0 1 0 0 1 1 1 0 1 1 0 0 1 0 0 0 1 1 0 1 0 1 1 0 1 0 0 1 0 1 1 1 0 0 1 0 0 1 0 1 0 1 0 1 0 1 
1 0 1 0 1 0 1 0 1 1 0 1 1 1 1 1 1 0 1 1 1 1 1 1 0 1 1 0 0 1 1 1 1 1 1 0 1 1 0 0 0 1 1 0 0 1 0 0 1 1 1 0 1 1 0 0 1 0 0 0 1 1 0 1 0 1 1 0 1 0 0 1 0 1 1 1 0 0 1 1 0 1 0 1 0 1 0 1 0 1 
1 0 1 0 1 0 1 0 1 1 0 1 1 1 1 1 1 0 1 1 1 1 1 1 0 1 1 0 0 1 1 1 1 1 1 0 1 1 0 0 0 1 1 0 0 1 0 0 1 1 1 0 1 1 0 0 1 0 0 0 1 1 0 1 0 1 1 0 1 0 0 1 0 1 1 1 0 0 1 1 0 0 0 1 0 1 0 1 0 1 
1 0 1 0 1 0 1 0 1 1 0 1 1 1 1 1 1 0 1 1 1 1 1 1 0 1 1 0 0 1 1 1 1 1 1 0 1 1 0 0 0 1 1 0 0 1 0 0 1 1 1 0 1 1 0 0 1 0 0 0 1 1 0 1 0 1 1 0 1 0 0 1 0 1 1 1 0 0 1 1 0 1 0 1 0 1 0 1 0 1 
1 0 1 0 1 0 1 0 1 1 0 1 1 1 1 1 1 0 1 1 1 1 1 1 0 1 1 0 0 1 1 1 1 1 1 0 1 1 0 0 0 1 1 0 0 1 0 0 1 1 1 0 1 1 0 0 1 0 0 0 1 1 0 1 0 1 1 0 1 0 0 1 0 1 1 1 0 0 1 1 0 1 0 0 0 1 0 1 0 1 
0 0 0 0 0 0 0 0 0 0 0 0 0 0 0 0 0 0 0 0 0 0 0 0 0 0 0 0 0 0 0 0 0 0 0 0 0 0 0 0 0 0 0 0 0 0 0 0 0 0 0 0 0 0 0 0 0 0 0 0 0 0 0 0 0 0 0 0 0 0 0 0 0 0 0 0 0 0 0 0 0 0 0 0 0 0 0 0 0 0 
1 0 1 0 1 0 1 0 1 1 0 1 1 1 1 1 1 0 1 1 1 1 1 1 0 1 1 0 0 1 1 1 1 1 1 0 1 1 0 0 0 1 1 0 0 1 0 0 1 1 1 0 1 1 0 0 1 0 0 0 1 1 0 1 0 1 1 0 1 0 0 1 0 1 1 1 0 0 1 1 0 1 0 1 0 0 0 1 0 1 
0 0 0 0 0 0 0 0 0 0 0 0 0 0 0 0 0 0 0 0 0 0 0 0 0 0 0 0 0 0 0 0 0 0 0 0 0 0 0 0 0 0 0 0 0 0 0 0 0 0 0 0 0 0 0 0 0 0 0 0 0 0 0 0 0 0 0 0 0 0 0 0 0 0 0 0 0 0 0 0 0 0 0 0 0 0 0 0 0 0 
0 0 0 0 0 0 0 0 0 0 0 0 0 0 0 0 0 0 0 0 0 0 0 0 0 0 0 0 0 0 0 0 0 0 0 0 0 0 0 0 0 0 0 0 0 0 0 0 0 0 0 0 0 0 0 0 0 0 0 0 0 0 0 0 0 0 0 0 0 0 0 0 0 0 0 0 0 0 0 0 0 0 0 0 0 0 0 0 0 0 
1 0 1 0 1 0 1 0 1 1 0 1 1 1 1 1 1 0 1 1 1 1 1 1 0 1 1 0 0 1 1 1 1 1 1 0 1 1 0 0 0 1 1 0 0 1 0 0 1 1 1 0 1 1 0 0 1 0 0 0 1 1 0 1 0 1 1 0 1 0 0 1 0 1 1 1 0 0 1 1 0 1 0 1 0 1 0 1 0 1 
1 0 1 0 1 0 1 0 1 1 0 1 1 1 1 1 1 0 1 1 1 1 1 1 0 1 1 0 0 1 1 1 1 1 1 0 1 1 0 0 0 1 1 0 0 1 0 0 1 1 1 0 1 1 0 0 1 0 0 0 1 1 0 1 0 1 1 0 1 0 0 1 0 1 1 1 0 0 1 1 0 1 0 1 0 1 0 1 0 0 
