# Number of items
120
# Stacking height
4
# Number of stacks
90
# Item name and Appearance
# (0 for I^{fix}, 1 for I^1, 2 for I^2)
   001     0
   002     0
   003     0
   004     0
   005     0
   006     0
   007     0
   008     0
   009     0
   010     0
   011     0
   012     0
   013     0
   014     0
   015     0
   016     0
   017     0
   018     0
   019     0
   020     0
   021     0
   022     0
   023     0
   024     0
   025     0
   026     0
   027     0
   028     0
   029     0
   030     0
   031     0
   032     0
   033     0
   034     0
   035     0
   036     1
   037     1
   038     1
   039     1
   040     1
   041     1
   042     1
   043     1
   044     1
   045     1
   046     1
   047     1
   048     1
   049     1
   050     1
   051     1
   052     1
   053     1
   054     1
   055     1
   056     1
   057     1
   058     1
   059     1
   060     1
   061     1
   062     1
   063     1
   064     1
   065     1
   066     1
   067     1
   068     1
   069     1
   070     1
   071     1
   072     1
   073     1
   074     1
   075     1
   076     1
   077     1
   078     1
   079     1
   080     1
   081     1
   082     1
   083     1
   084     1
   085     1
   086     1
   087     1
   088     1
   089     1
   090     1
   091     1
   092     1
   093     1
   094     2
   095     2
   096     2
   097     2
   098     2
   099     2
   100     2
   101     2
   102     2
   103     2
   104     2
   105     2
   106     2
   107     2
   108     2
   109     2
   110     2
   111     2
   112     2
   113     2
   114     2
   115     2
   116     2
   117     2
   118     2
   119     2
   120     2
# Positions of Ifix-items in the format (itemName, stack, level)
   001     2     1
   002     4     2
   003     3     2
   004    13     1
   005     5     1
   006     8     1
   007    16     1
   008    15     1
   009     5     2
   010     1     2
   011     8     2
   012     2     2
   013     7     2
   014     4     1
   015     6     1
   016    11     1
   017    10     2
   018     9     1
   019    17     1
   020    10     1
   021     1     1
   022    14     1
   023    12     1
   024     1     3
   025    20     1
   026    24     1
   027     3     1
   028     7     1
   029    23     1
   030    22     1
   031    18     1
   032    21     1
   033     6     2
   034     9     2
   035    19     1
# Stacking matrix
# Info: number of 1-entries = 5767, density = 0.40
0 0 0 0 0 0 0 0 0 0 0 0 0 0 0 0 0 0 0 0 0 0 0 0 0 0 0 0 0 0 0 0 0 0 0 0 0 0 0 0 0 0 0 0 0 0 0 0 0 0 0 0 0 0 0 0 0 0 0 0 0 0 0 0 0 0 0 0 0 0 0 0 0 0 0 0 0 0 0 0 0 0 0 0 0 0 0 0 0 0 0 0 0 0 0 0 0 0 0 0 0 0 0 0 0 0 0 0 0 0 0 0 0 0 0 0 0 0 0 0 
1 0 0 1 1 1 0 1 1 1 0 1 1 1 0 1 0 1 1 0 1 1 1 0 1 1 0 1 1 1 1 0 0 1 1 0 1 1 1 0 0 1 1 1 1 1 0 1 1 1 1 1 1 1 0 1 1 0 1 0 1 1 1 1 1 1 1 0 1 0 1 0 1 1 1 0 1 1 1 0 1 1 1 1 1 0 0 0 1 1 0 1 1 1 1 0 0 1 0 1 1 0 0 1 0 1 0 1 0 1 1 0 1 1 0 0 1 1 1 1 
0 0 0 0 0 0 0 0 0 0 0 0 0 0 0 0 0 0 0 0 0 0 0 0 0 0 1 0 1 0 0 0 0 0 0 0 0 0 0 0 0 1 0 0 0 0 0 0 0 1 0 0 0 0 0 0 0 0 1 0 0 0 0 0 0 0 0 1 0 0 0 0 0 0 0 0 1 0 0 0 0 0 0 0 0 0 0 0 0 0 0 0 0 0 1 0 0 0 0 1 1 0 0 0 0 0 0 1 0 0 0 0 0 0 0 0 0 1 0 0 
1 0 0 0 1 1 0 1 1 1 0 1 1 1 0 1 0 1 1 0 1 1 1 0 1 1 0 1 1 1 1 0 0 1 1 0 1 1 1 0 0 1 1 1 1 1 0 1 1 1 1 1 1 1 0 1 1 0 1 0 1 1 1 1 1 1 1 0 1 0 1 0 1 1 1 0 1 1 1 0 1 1 1 1 1 0 0 0 1 1 0 1 1 1 1 0 0 1 0 1 1 0 0 1 0 1 0 1 0 1 1 0 1 1 0 0 1 1 1 1 
1 0 0 1 0 1 0 1 1 1 0 1 1 1 0 1 0 1 1 0 1 1 1 0 1 1 0 1 1 1 1 0 0 1 1 0 1 1 1 0 0 1 1 1 1 1 0 1 1 1 1 1 1 1 0 1 1 0 1 0 1 1 1 1 1 1 1 0 1 0 1 0 1 1 1 0 1 1 1 0 1 1 1 1 1 0 0 0 1 1 0 1 1 1 1 0 0 1 0 1 1 0 0 1 0 1 0 1 0 1 1 0 1 1 0 0 1 1 1 1 
1 0 0 1 1 0 0 1 1 1 0 1 1 1 0 1 0 1 1 0 1 1 1 0 1 1 0 1 1 1 1 0 0 1 1 0 1 1 1 0 0 1 1 1 1 1 0 1 1 1 1 1 1 1 0 1 1 0 1 0 1 1 1 1 1 1 1 0 1 0 1 0 1 1 1 0 1 1 1 0 1 1 1 1 1 0 0 0 1 1 0 1 1 1 1 0 0 1 0 1 1 0 0 1 0 1 0 1 0 1 1 0 1 1 0 0 1 1 1 1 
0 0 0 0 0 0 0 0 0 0 0 0 0 0 0 0 0 0 0 0 0 0 0 0 0 0 0 0 0 0 0 0 0 0 0 0 0 0 0 0 0 0 0 0 0 0 0 0 0 0 0 0 0 0 0 0 0 0 0 0 0 0 0 0 0 0 0 0 0 0 0 0 0 0 0 0 0 0 0 0 0 0 0 0 0 0 0 0 0 0 0 0 0 0 0 0 0 0 0 0 0 0 0 0 0 0 0 0 0 0 0 0 0 0 0 0 0 0 0 0 
1 0 0 1 1 1 0 0 1 1 0 1 1 1 0 1 0 1 1 0 1 1 1 0 1 1 0 1 1 1 1 0 0 1 1 0 1 1 1 0 0 1 1 1 1 1 0 1 1 1 1 1 1 1 0 1 1 0 1 0 1 1 1 1 1 1 1 0 1 0 1 0 1 1 1 0 1 1 1 0 1 1 1 1 1 0 0 0 1 1 0 1 1 1 1 0 0 1 0 1 1 0 0 1 0 1 0 1 0 1 1 0 1 1 0 0 1 1 1 1 
1 0 0 1 1 1 0 1 0 1 0 1 1 1 0 1 0 1 1 0 1 1 1 0 1 1 0 1 1 1 1 0 0 1 1 0 1 1 1 0 0 1 1 1 1 1 0 1 1 1 1 1 1 1 0 1 1 0 1 0 1 1 1 1 1 1 1 0 1 0 1 0 1 1 1 0 1 1 1 0 1 1 1 1 1 0 0 0 1 1 0 1 1 1 1 0 0 1 0 1 1 0 0 1 0 1 0 1 0 1 1 0 1 1 0 0 1 1 1 1 
1 0 0 1 1 1 0 1 1 0 0 1 1 1 0 1 0 1 1 0 1 1 1 0 1 1 0 1 1 1 1 0 0 1 1 0 1 1 1 0 0 1 1 1 1 1 0 1 1 1 1 1 1 1 0 1 1 0 1 0 1 1 1 1 1 1 1 0 1 0 1 0 1 1 1 0 1 1 1 0 1 1 1 1 1 0 0 0 1 1 0 1 1 1 1 0 0 1 0 1 1 0 0 1 0 1 0 1 0 1 1 0 1 1 0 0 1 1 1 1 
1 0 0 1 1 1 0 1 1 1 0 1 1 1 0 1 0 1 1 0 1 1 1 0 1 1 0 1 1 1 1 0 0 1 1 0 1 1 1 0 0 1 1 1 1 1 0 1 1 1 1 1 1 1 0 1 1 0 1 0 1 1 1 1 1 1 1 0 1 0 1 0 1 1 1 0 1 1 1 0 1 1 1 1 1 0 0 0 1 1 0 1 1 1 1 0 0 1 0 1 1 0 0 1 0 1 0 1 0 1 1 0 1 1 0 0 1 1 1 1 
1 0 0 0 0 0 0 0 0 0 0 0 0 0 0 1 0 0 0 0 0 0 0 0 0 0 0 0 0 0 0 0 0 0 0 0 0 0 0 0 0 0 0 0 0 0 0 0 0 0 0 1 0 0 0 0 0 0 0 0 0 0 0 0 0 0 0 0 0 0 0 0 0 0 0 0 0 0 0 0 0 0 0 0 0 0 0 0 0 0 0 0 0 0 0 0 0 0 0 0 0 0 0 0 0 0 0 0 0 0 0 0 0 0 0 0 1 0 0 0 
1 0 0 1 1 1 0 1 1 1 0 1 0 1 0 1 0 1 1 0 1 1 1 0 1 1 0 1 1 1 1 0 0 1 1 0 1 1 1 0 0 1 1 1 1 1 0 1 1 1 1 1 1 1 0 1 1 0 1 0 1 1 1 1 1 1 1 0 1 0 1 0 1 1 1 0 1 1 1 0 1 1 1 1 1 0 0 0 1 1 0 1 1 1 1 0 0 1 0 1 1 0 0 1 0 1 0 1 0 1 1 0 1 1 0 0 1 1 1 1 
0 0 0 0 0 0 0 0 0 0 0 0 0 0 0 0 0 0 0 0 0 0 0 0 0 0 0 0 0 0 0 0 0 0 0 0 0 0 0 0 0 0 0 0 0 0 0 0 0 0 0 0 0 0 0 0 0 0 0 0 0 0 0 0 0 0 0 0 0 0 0 0 0 0 0 0 0 0 0 0 0 0 0 0 0 0 0 0 0 0 0 0 0 0 0 0 0 0 0 0 0 0 0 1 0 0 0 0 0 0 0 0 0 0 0 0 0 0 0 0 
0 0 0 0 0 0 0 0 0 0 0 0 0 0 0 0 0 0 0 0 0 0 0 0 0 0 0 0 0 0 0 0 0 0 0 0 0 0 0 0 0 0 0 0 0 0 0 0 0 0 0 0 0 0 0 0 0 0 0 0 0 0 0 0 0 0 0 0 0 0 0 0 0 0 0 0 0 0 0 0 0 0 0 0 0 0 0 0 0 0 0 0 0 0 0 0 0 0 0 0 0 0 0 0 0 0 0 0 0 0 0 0 0 0 0 0 0 0 0 0 
0 0 0 0 0 0 0 0 0 0 0 0 0 0 0 0 0 0 0 0 0 0 0 0 0 0 0 0 0 0 0 0 0 0 0 0 0 0 0 0 0 0 0 0 0 0 0 0 0 0 0 0 0 0 0 0 0 0 0 0 0 0 0 0 0 0 0 0 0 0 0 0 0 0 0 0 0 0 0 0 0 0 0 0 0 0 0 0 0 0 0 0 0 0 0 0 0 0 0 0 0 0 0 0 0 0 0 0 0 0 0 0 0 0 0 0 0 0 0 0 
1 0 0 1 1 1 0 1 1 1 0 1 1 1 1 1 0 1 1 1 1 1 1 0 1 1 0 1 1 1 1 0 1 1 1 0 1 1 1 0 0 1 1 1 1 1 1 1 1 1 1 1 1 1 1 1 1 1 1 1 1 1 1 1 1 1 1 1 1 0 1 1 1 1 1 1 1 1 1 0 1 1 1 1 1 0 0 0 1 1 0 1 1 1 1 1 0 1 0 1 1 0 0 1 0 1 0 1 0 1 1 0 1 1 0 0 1 1 1 1 
1 0 0 1 1 1 0 1 1 1 0 1 1 1 0 1 0 0 1 0 1 1 1 0 1 1 0 1 1 1 1 0 0 1 1 0 1 1 1 0 0 1 1 1 1 1 0 1 1 1 1 1 1 1 0 1 1 0 1 0 1 1 1 1 1 1 1 0 1 0 1 0 1 1 1 0 1 1 1 0 1 1 1 1 1 0 0 0 1 1 0 1 1 1 1 0 0 1 0 1 1 0 0 1 0 1 0 1 0 1 1 0 1 1 0 0 1 1 1 1 
1 0 0 1 1 1 0 1 1 1 0 1 1 1 0 1 0 1 0 0 1 1 1 0 1 1 0 1 1 1 1 0 0 1 1 0 1 1 1 0 0 1 1 1 1 1 0 1 1 1 1 1 1 1 0 1 1 0 1 0 1 1 1 1 1 1 1 0 1 0 1 0 1 1 1 0 1 1 1 0 1 1 1 1 1 0 0 0 1 1 0 1 1 1 1 0 0 1 0 1 1 0 0 1 0 1 0 1 0 1 1 0 1 1 0 0 1 1 1 1 
0 0 0 0 0 0 0 0 0 0 0 0 0 0 0 0 0 0 0 0 0 0 0 0 0 0 0 0 0 0 0 0 0 0 0 0 0 0 0 0 0 0 0 0 0 0 0 0 0 0 0 0 0 0 0 0 0 0 0 0 0 0 0 0 0 0 0 0 0 0 0 0 0 0 0 0 0 0 0 0 0 0 0 0 0 0 0 0 0 0 0 0 0 0 0 0 0 0 0 0 0 0 0 0 0 0 0 0 0 0 0 0 0 0 0 0 0 0 0 0 
1 0 0 1 1 1 0 1 1 1 0 1 1 1 0 1 0 1 1 0 0 1 1 0 1 1 0 1 1 1 1 0 0 1 1 0 1 1 1 0 0 1 1 1 1 1 0 1 1 1 1 1 1 1 0 1 1 0 1 0 1 1 1 1 1 1 1 0 1 0 1 0 1 1 1 0 1 1 1 0 1 1 1 1 1 0 0 0 1 1 0 1 1 1 1 0 0 1 0 1 1 0 0 1 0 1 0 1 0 1 1 0 1 1 0 0 1 1 1 1 
1 0 0 1 1 1 0 1 1 1 0 1 1 1 0 1 0 1 1 0 1 0 1 0 1 1 0 1 1 1 1 0 0 1 1 0 1 1 1 0 0 1 1 1 1 1 0 1 1 1 1 1 1 1 0 1 1 0 1 0 1 1 1 1 1 1 1 0 1 0 1 0 1 1 1 0 1 1 1 0 1 1 1 1 1 0 0 0 1 1 0 1 1 1 1 0 0 1 0 1 1 0 0 1 0 1 0 1 0 1 1 0 1 1 0 0 1 1 1 1 
0 0 0 0 0 0 0 0 0 0 0 0 0 0 0 1 0 0 0 0 0 0 0 0 0 0 0 0 0 0 0 0 0 0 0 0 0 0 0 0 0 0 0 0 0 0 0 0 0 0 0 1 0 0 0 0 0 0 0 0 0 0 0 0 0 0 0 0 0 0 0 0 0 0 0 0 0 0 0 0 0 0 0 0 0 0 0 0 0 0 0 0 0 0 0 0 0 0 0 0 0 0 0 0 0 0 0 0 0 1 0 0 0 0 0 0 1 0 0 0 
1 0 0 1 1 1 0 1 1 1 0 1 1 1 0 1 0 1 1 0 1 1 1 0 1 1 0 1 1 1 1 0 0 1 1 0 1 1 1 0 0 1 1 1 1 1 0 1 1 1 1 1 1 1 0 1 1 0 1 0 1 1 1 1 1 1 1 0 1 0 1 0 1 1 1 0 1 1 1 0 1 1 1 1 1 0 0 0 1 1 0 1 1 1 1 0 0 1 0 1 1 0 0 1 0 1 0 1 0 1 1 0 1 1 0 0 1 1 1 1 
0 0 0 0 0 0 0 0 0 0 0 0 0 1 0 1 0 0 0 0 0 0 0 0 0 0 0 0 0 0 0 0 0 0 0 0 0 0 0 0 0 0 0 0 0 0 0 0 0 0 0 0 1 0 0 0 0 0 0 0 0 0 0 0 0 0 0 0 0 0 0 0 0 0 0 0 0 0 0 0 0 0 0 0 0 0 0 0 0 0 0 0 0 0 0 0 0 0 0 0 0 0 0 1 0 0 0 0 0 0 0 0 0 0 0 0 0 0 0 0 
1 0 0 1 1 1 0 1 1 1 0 1 1 1 0 1 0 1 1 0 1 1 1 0 1 0 0 1 1 1 1 0 0 1 1 0 1 1 1 0 0 1 1 1 1 1 0 1 1 1 1 1 1 1 0 1 1 0 1 0 1 1 1 1 1 1 1 0 1 0 1 0 1 1 1 0 1 1 1 0 1 1 1 1 1 0 0 0 1 1 0 1 1 1 1 0 0 1 0 1 1 0 0 1 0 1 0 1 0 1 1 0 1 1 0 0 1 1 1 1 
0 0 0 0 0 0 0 0 0 0 0 0 0 0 0 0 0 0 0 0 0 0 0 0 0 0 0 0 1 0 0 0 0 0 0 0 0 0 0 0 0 1 0 0 0 0 0 0 0 1 0 0 0 0 0 0 0 0 0 0 0 0 0 0 0 0 0 1 0 0 0 0 0 0 0 0 1 0 0 0 0 0 0 0 0 0 0 0 0 0 0 0 0 0 1 0 0 0 0 1 0 0 0 0 0 0 0 1 0 0 0 0 0 0 0 0 0 1 0 0 
1 0 0 1 1 1 0 1 1 1 0 1 1 1 0 1 0 1 1 0 1 1 1 0 1 1 0 0 1 1 1 0 0 1 1 0 1 1 1 0 0 1 1 1 1 1 0 1 1 1 1 1 1 1 0 1 1 0 1 0 1 1 1 1 1 1 1 0 1 0 1 0 1 1 1 0 1 1 1 0 1 1 1 1 1 0 0 0 1 1 0 1 1 1 1 0 0 1 0 1 1 0 0 1 0 1 0 1 0 1 1 0 1 1 0 0 1 1 1 1 
0 0 0 0 0 0 0 0 0 0 0 0 0 0 0 0 0 0 0 0 0 0 0 0 0 0 0 0 0 0 0 0 0 0 0 0 0 0 0 0 0 0 0 0 0 0 0 0 0 1 0 0 0 0 0 0 0 0 0 0 0 0 0 0 0 0 0 0 0 0 0 0 0 0 0 0 1 0 0 0 0 0 0 0 0 0 0 0 0 0 0 0 0 0 1 0 0 0 0 1 0 0 0 0 0 0 0 1 0 0 0 0 0 0 0 0 0 1 0 0 
1 0 0 1 1 1 0 1 1 1 0 1 1 1 0 1 0 1 1 0 1 1 1 0 1 1 0 1 1 0 1 0 0 1 1 0 1 1 1 0 0 1 1 1 1 1 0 1 1 1 1 1 1 1 0 1 1 0 1 0 1 1 1 1 1 1 1 0 1 0 1 0 1 1 1 0 1 1 1 0 1 1 1 1 1 0 0 0 1 1 0 1 1 1 1 0 0 1 0 1 1 0 0 1 0 1 0 1 0 1 1 0 1 1 0 0 1 1 1 1 
0 0 0 0 0 0 0 0 0 0 0 0 0 0 0 0 0 0 0 0 0 0 0 0 0 0 0 0 0 0 0 0 0 0 0 0 0 0 0 0 0 0 0 0 0 0 0 0 1 0 0 0 0 0 0 0 0 0 0 0 0 0 0 0 0 0 0 0 0 0 0 0 0 0 1 0 0 0 0 0 0 0 0 0 0 0 0 0 0 0 0 0 0 0 0 0 0 0 0 0 0 0 0 0 0 0 0 0 0 0 0 0 0 0 0 0 0 0 0 0 
0 0 0 0 0 0 0 0 0 0 0 0 0 0 0 0 0 0 0 0 0 0 0 0 0 0 0 0 0 0 0 0 0 0 0 0 0 0 0 0 0 0 0 0 0 0 0 0 0 0 0 0 0 0 0 0 0 0 1 0 0 0 0 0 0 0 0 0 0 0 0 0 0 0 0 0 0 0 0 0 0 0 0 0 0 0 0 0 0 0 0 0 0 0 0 0 0 0 0 0 0 0 0 0 0 0 0 0 0 0 0 0 0 0 0 0 0 0 0 0 
1 0 0 1 1 1 0 1 1 1 0 1 1 1 1 1 0 1 1 0 1 1 1 0 1 1 0 1 1 1 1 0 0 1 1 0 1 1 1 0 0 1 1 1 1 1 0 1 1 1 1 1 1 1 0 1 1 0 1 1 1 1 1 1 1 1 1 1 1 0 1 0 1 1 1 0 1 1 1 0 1 1 1 1 1 0 0 0 1 1 0 1 1 1 1 0 0 1 0 1 1 0 0 1 0 1 0 1 0 1 1 0 1 1 0 0 1 1 1 1 
1 0 0 1 1 1 0 1 1 1 0 1 1 1 0 1 0 1 1 0 1 1 1 0 1 1 0 1 1 1 1 0 0 0 1 0 1 1 1 0 0 1 1 1 1 1 0 1 1 1 1 1 1 1 0 1 1 0 1 0 1 1 1 1 1 1 1 0 1 0 1 0 1 1 1 0 1 1 1 0 1 1 1 1 1 0 0 0 1 1 0 1 1 1 1 0 0 1 0 1 1 0 0 1 0 1 0 1 0 1 1 0 1 1 0 0 1 1 1 1 
1 0 0 1 1 1 0 1 1 1 0 1 1 1 0 1 0 1 1 0 1 1 1 0 1 1 0 1 1 1 1 0 0 1 0 0 1 1 1 0 0 1 1 1 1 1 0 1 1 1 1 1 1 1 0 1 1 0 1 0 1 1 1 1 1 1 1 0 1 0 1 0 1 1 1 0 1 1 1 0 1 1 1 1 1 0 0 0 1 1 0 1 1 1 1 0 0 1 0 1 1 0 0 1 0 1 0 1 0 1 1 0 1 1 0 0 1 1 1 1 
1 0 0 1 1 1 0 1 1 1 0 1 1 1 0 1 0 1 1 0 1 1 1 0 1 1 0 1 1 1 1 0 0 1 1 0 1 1 1 0 0 1 1 1 1 1 0 1 1 1 1 1 1 1 0 1 1 0 1 1 1 1 1 1 1 1 1 0 1 0 1 0 1 1 1 1 1 1 1 0 1 1 1 1 1 0 0 0 1 1 0 1 1 1 1 0 0 1 1 1 1 0 1 1 0 1 0 1 0 1 1 1 1 1 0 0 1 1 1 1 
0 0 0 0 0 0 0 0 0 0 0 0 0 0 0 0 0 0 0 0 0 0 0 0 0 0 0 0 0 0 0 0 0 0 0 0 0 0 0 0 0 0 0 0 0 0 0 0 0 0 0 0 0 0 0 0 0 0 0 0 0 0 0 0 0 0 0 0 0 0 0 0 0 0 0 0 0 0 1 0 0 0 0 0 0 0 0 0 0 0 0 0 0 0 0 0 0 0 0 0 0 0 0 0 0 0 0 0 0 0 0 0 0 0 0 0 0 0 0 0 
1 0 0 1 1 1 0 1 1 1 0 1 1 1 0 1 0 1 1 0 1 1 1 0 1 1 0 1 1 1 1 0 0 1 1 0 1 0 1 0 0 1 1 1 1 1 0 1 1 1 1 1 1 1 0 1 1 0 1 0 1 1 1 1 1 1 1 0 1 0 1 0 1 1 1 0 1 1 1 0 1 1 1 1 1 0 0 0 1 1 0 1 1 1 1 0 0 1 0 1 1 0 0 1 0 1 0 1 0 1 1 0 1 1 0 0 1 1 1 1 
1 0 0 1 1 1 0 1 1 1 0 1 1 1 0 1 0 1 1 0 1 1 1 0 1 1 0 1 1 1 1 0 0 1 1 0 1 1 0 0 0 1 1 1 1 1 0 1 1 1 1 1 1 1 0 1 1 0 1 0 1 1 1 1 1 1 1 0 1 0 1 0 1 1 1 0 1 1 1 0 1 1 1 1 1 0 0 0 1 1 0 1 1 1 1 0 0 1 0 1 1 0 0 1 0 1 0 1 0 1 1 0 1 1 0 0 1 1 1 1 
0 0 0 0 0 0 0 0 0 0 0 0 0 0 0 0 0 0 0 0 0 0 0 0 0 0 0 0 0 0 0 0 0 0 0 0 0 0 0 0 0 0 0 0 0 0 0 0 0 0 0 0 0 0 0 0 0 0 0 0 0 0 0 0 0 0 0 0 0 0 0 0 0 0 0 0 0 0 0 0 0 0 0 0 0 0 0 0 0 0 0 0 0 0 0 0 0 0 0 0 0 0 0 0 0 0 0 0 0 0 0 0 0 0 0 0 0 0 0 0 
1 0 0 1 1 1 0 1 1 1 0 1 1 1 0 1 0 1 1 0 1 1 1 0 1 1 0 1 1 1 1 0 0 1 1 1 1 1 1 0 0 1 1 1 1 1 1 1 1 1 1 1 1 1 0 1 1 0 1 1 1 1 1 1 1 1 1 0 1 0 1 0 1 1 1 1 1 1 1 0 1 1 1 1 1 0 0 0 1 1 0 1 1 1 1 0 0 1 1 1 1 0 1 1 0 1 0 1 0 1 1 1 1 1 0 0 1 1 1 1 
0 0 0 0 0 0 0 0 0 0 0 0 0 0 0 0 0 0 0 0 0 0 0 0 0 0 0 0 0 0 0 0 0 0 0 0 0 0 0 0 0 0 0 0 0 0 0 0 0 0 0 0 0 0 0 0 0 0 0 0 0 0 0 0 0 0 0 0 0 0 0 0 0 0 0 0 0 0 0 0 0 0 0 0 0 0 0 0 0 0 0 0 0 0 0 0 0 0 0 0 0 0 0 0 0 0 0 0 0 0 0 0 0 0 0 0 0 0 0 0 
1 0 0 1 1 1 0 1 1 1 0 1 1 1 0 1 0 1 1 0 1 1 1 0 1 1 0 1 1 1 1 0 0 1 1 0 1 1 1 0 0 1 0 1 1 1 0 1 1 1 1 1 1 1 0 1 1 0 1 0 1 1 1 1 1 1 1 0 1 0 1 0 1 1 1 0 1 1 1 0 1 1 1 1 1 0 0 0 1 1 0 1 1 1 1 0 0 1 0 1 1 0 0 1 0 1 0 1 0 1 1 0 1 1 0 0 1 1 1 1 
1 0 0 1 1 1 0 1 1 1 0 1 1 1 0 1 0 1 1 0 1 1 1 0 1 1 0 1 1 1 1 0 0 1 1 0 1 1 1 0 0 1 1 0 1 1 0 1 1 1 1 1 1 1 0 1 1 0 1 0 1 1 1 1 1 1 1 0 1 0 1 0 1 1 1 0 1 1 1 0 1 1 1 1 1 0 0 0 1 1 0 1 1 1 1 0 0 1 0 1 1 0 0 1 0 1 0 1 0 1 1 0 1 1 0 0 1 1 1 1 
1 0 0 1 1 1 0 1 1 1 0 1 1 1 0 1 0 1 1 0 1 1 1 0 1 1 0 1 1 1 1 0 0 1 1 0 1 1 1 0 0 1 1 1 0 1 0 1 1 1 1 1 1 1 0 1 1 0 1 0 1 1 1 1 1 1 1 0 1 0 1 0 1 1 1 0 1 1 1 0 1 1 1 1 1 0 0 0 1 1 0 1 1 1 1 0 0 1 0 1 1 0 0 1 0 1 0 1 0 1 1 0 1 1 0 0 1 1 1 1 
1 0 0 1 1 1 0 1 1 1 0 1 1 1 0 1 0 1 1 0 1 1 1 0 1 1 0 1 1 1 1 0 0 1 1 0 1 1 1 0 0 1 1 1 1 0 0 1 1 1 1 1 1 1 0 1 1 0 1 0 1 1 1 1 1 1 1 0 1 0 1 0 1 1 1 0 1 1 1 0 1 1 1 1 1 0 0 0 1 1 0 1 1 1 1 0 0 1 0 1 1 0 0 1 0 1 0 1 0 1 1 0 1 1 0 0 1 1 1 1 
0 0 0 0 0 0 0 0 0 0 0 0 0 0 0 0 0 0 0 0 0 0 0 0 0 0 0 0 1 0 0 0 0 0 0 0 0 0 0 0 0 0 0 0 0 0 0 0 0 1 0 0 0 0 0 0 0 0 0 0 0 0 0 0 0 0 0 0 0 0 0 0 0 0 0 0 1 0 0 0 0 0 0 0 0 0 0 0 0 0 0 0 0 0 1 0 0 0 0 1 0 0 0 0 0 0 0 1 0 0 0 0 0 0 0 0 0 1 0 0 
1 0 0 1 1 1 0 1 1 1 0 1 1 1 0 1 0 1 1 0 1 1 1 0 1 1 0 1 1 1 1 0 0 1 1 0 1 1 1 0 0 1 1 1 1 1 0 0 1 1 1 1 1 1 0 1 1 0 1 0 1 1 1 1 1 1 1 0 1 0 1 0 1 1 1 0 1 1 1 0 1 1 1 1 1 0 0 0 1 1 0 1 1 1 1 0 0 1 0 1 1 0 0 1 0 1 0 1 0 1 1 0 1 1 0 0 1 1 1 1 
0 0 0 0 0 0 0 0 0 0 0 0 0 0 0 0 0 0 0 0 0 0 0 0 0 0 0 0 0 0 0 0 0 0 0 0 0 0 0 0 0 0 0 0 0 0 0 0 0 0 0 0 0 0 0 0 0 0 0 0 0 0 0 0 0 0 0 0 0 0 0 0 0 0 0 0 0 0 0 0 0 0 0 0 0 0 0 0 0 0 0 0 0 0 0 0 0 0 0 0 0 0 0 0 0 0 0 0 0 0 0 0 0 0 0 0 0 0 0 0 
0 0 0 0 0 0 0 0 0 0 0 0 0 0 0 0 0 0 0 0 0 0 0 0 0 0 0 0 1 0 0 0 0 0 0 0 0 0 0 0 0 0 0 0 0 0 0 0 0 0 0 0 0 0 0 0 0 0 0 0 0 0 0 0 0 0 0 0 0 0 0 0 0 0 0 0 1 0 0 0 0 0 0 0 0 0 0 0 0 0 0 0 0 0 1 0 0 0 0 1 0 0 0 0 0 0 0 1 0 0 0 0 0 0 0 0 0 1 0 0 
0 0 0 0 0 0 0 0 0 0 0 0 0 0 0 0 0 0 0 0 0 0 0 0 0 0 0 0 0 0 0 0 0 0 0 0 0 0 0 0 0 0 0 0 0 0 0 0 0 0 0 0 0 0 0 0 0 0 0 0 0 0 0 0 0 0 0 0 0 0 0 0 0 0 0 0 0 0 0 0 0 0 0 0 0 0 0 0 0 0 0 0 0 0 0 0 0 0 0 0 0 0 0 0 0 0 0 0 0 0 0 0 0 0 0 0 0 0 0 0 
0 0 0 0 0 0 0 0 0 0 0 0 0 0 0 1 0 0 0 0 0 0 0 0 0 0 0 0 0 0 0 0 0 0 0 0 0 0 0 0 0 0 0 0 0 0 0 0 0 0 0 0 0 0 0 0 0 0 0 0 0 0 0 0 0 0 0 0 0 0 0 0 0 0 0 0 0 0 0 0 0 0 0 0 0 0 0 0 0 0 0 0 0 0 0 0 0 0 0 0 0 0 0 0 0 0 0 0 0 0 0 0 0 0 0 0 1 0 0 0 
0 0 0 0 0 0 0 0 0 0 0 0 0 0 0 0 0 0 0 0 0 0 0 0 0 0 0 0 0 0 0 0 0 0 0 0 0 0 0 0 0 0 0 0 0 0 0 0 0 0 0 0 0 0 0 0 0 0 0 0 0 0 0 0 0 0 0 0 0 0 0 0 0 0 0 0 0 0 0 0 0 0 0 0 0 0 0 0 0 0 0 0 0 0 0 0 0 0 0 0 0 0 0 0 0 0 0 0 0 0 0 0 0 0 0 0 0 0 0 0 
0 0 0 0 0 0 0 0 0 0 0 0 0 0 0 0 0 0 0 0 0 0 0 0 0 0 0 0 0 0 0 0 0 0 0 0 0 0 0 0 0 0 0 0 0 0 0 0 0 0 0 0 0 0 0 0 0 0 0 0 0 0 0 0 0 0 0 0 0 0 0 0 0 0 0 0 0 0 0 0 0 0 0 0 0 0 0 0 0 0 0 0 0 0 0 0 0 0 0 0 0 0 0 0 0 0 0 0 0 0 0 0 0 0 0 0 0 0 0 0 
0 0 0 0 0 0 0 0 0 0 0 0 0 0 0 0 0 0 0 0 0 0 0 0 0 0 0 0 0 0 0 0 0 0 0 0 0 0 0 0 0 0 0 0 0 0 0 0 0 0 0 0 0 0 0 0 0 0 0 0 0 0 0 0 0 0 0 0 0 0 0 0 0 0 0 0 0 0 0 0 0 0 0 0 0 0 0 0 0 0 0 0 0 0 0 0 0 0 0 0 0 0 0 0 0 0 0 1 0 0 0 0 0 0 0 0 0 0 0 0 
1 0 0 1 1 1 0 1 1 1 0 1 1 1 0 1 0 1 1 0 1 1 1 0 1 1 0 1 1 1 1 0 0 1 1 0 1 1 1 0 0 1 1 1 1 1 0 1 1 1 1 1 1 1 0 0 1 0 1 0 1 1 1 1 1 1 1 0 1 0 1 0 1 1 1 0 1 1 1 0 1 1 1 1 1 0 0 0 1 1 0 1 1 1 1 0 0 1 0 1 1 0 0 1 0 1 0 1 0 1 1 0 1 1 0 0 1 1 1 1 
0 0 0 0 0 0 0 0 0 0 0 0 0 0 0 0 0 0 0 0 0 0 0 0 0 0 0 0 0 0 0 0 0 0 0 0 0 0 0 0 0 0 0 0 0 0 0 0 0 0 0 0 0 0 0 0 0 0 0 0 0 0 0 0 0 0 0 0 0 0 0 0 0 0 0 0 0 0 0 0 0 0 0 0 0 0 0 0 0 0 0 0 0 0 0 0 0 0 0 0 0 0 0 0 0 0 0 0 0 0 0 0 0 0 0 0 0 0 0 0 
1 0 0 1 1 1 0 1 1 1 0 1 1 1 1 1 1 1 1 1 1 1 1 0 1 1 0 1 1 1 1 0 1 1 1 0 1 1 1 0 0 1 1 1 1 1 1 1 1 1 1 1 1 1 1 1 1 0 1 1 1 1 1 1 1 1 1 1 1 0 1 1 1 1 1 1 1 1 1 0 1 1 1 1 1 0 0 0 1 1 0 1 1 1 1 1 0 1 0 1 1 0 0 1 0 1 0 1 0 1 1 0 1 1 0 0 1 1 1 1 
0 0 0 0 0 0 0 0 0 0 0 0 0 0 0 0 0 0 0 0 0 0 0 0 0 0 0 0 0 0 0 0 0 0 0 0 0 0 0 0 0 0 0 0 0 0 0 0 0 0 0 0 0 0 0 0 0 0 0 0 0 0 0 0 0 0 0 0 0 0 0 0 0 0 0 0 0 0 0 0 0 0 0 0 0 0 0 0 0 0 0 0 0 0 0 0 0 0 0 0 0 0 0 0 0 0 0 0 0 0 0 0 0 0 0 0 0 0 0 0 
0 0 0 0 0 0 0 0 0 0 0 0 0 0 0 0 0 0 0 0 0 0 0 0 0 0 0 0 0 0 0 0 0 0 0 0 0 0 0 0 0 0 0 0 0 0 0 0 0 0 0 0 0 0 0 0 0 0 0 0 0 0 0 0 0 0 0 0 0 0 0 0 0 0 0 0 0 0 0 0 0 0 0 0 0 0 0 0 0 0 0 0 0 0 0 0 0 0 0 0 0 0 0 0 0 0 0 0 0 0 0 0 0 0 0 0 0 0 0 0 
0 0 0 0 0 0 0 0 0 0 0 0 0 0 0 0 0 0 0 0 0 0 0 0 0 0 0 0 0 0 0 0 0 0 0 0 0 0 0 0 0 0 0 0 0 0 0 0 0 0 0 0 0 0 0 0 0 0 0 0 0 0 0 0 0 0 0 0 0 0 0 0 0 0 0 0 0 0 0 0 0 0 0 0 0 0 0 0 0 0 0 0 0 0 0 0 0 0 0 0 0 0 0 0 0 0 0 0 0 0 0 0 0 0 0 0 0 0 0 0 
0 0 0 0 0 0 0 0 0 0 0 0 0 0 0 0 0 0 0 0 0 0 0 0 0 0 0 0 0 0 0 0 0 0 0 0 0 0 0 0 0 0 0 0 0 0 0 0 0 0 0 0 0 0 0 0 0 0 0 0 0 0 0 0 0 0 0 0 0 0 0 0 0 0 0 0 0 0 0 0 0 0 0 0 0 0 0 0 0 0 0 0 0 0 0 0 0 0 0 0 0 0 0 0 0 0 0 0 0 0 0 0 0 0 0 0 0 0 0 0 
1 0 0 1 1 1 0 1 1 1 0 1 1 1 0 1 0 1 1 0 1 1 1 0 1 1 0 1 1 1 1 0 0 1 1 0 1 1 1 0 0 1 1 1 1 1 0 1 1 1 1 1 1 1 0 1 1 0 1 0 1 1 0 1 1 1 1 0 1 0 1 0 1 1 1 0 1 1 1 0 1 1 1 1 1 0 0 0 1 1 0 1 1 1 1 0 0 1 0 1 1 0 0 1 0 1 0 1 0 1 1 0 1 1 0 0 1 1 1 1 
0 0 0 0 0 0 0 0 0 0 0 0 0 0 0 1 0 0 0 0 0 0 1 0 0 0 0 0 0 0 0 0 0 0 0 0 1 0 0 0 0 0 0 0 0 0 0 0 0 0 0 1 0 0 0 0 0 0 0 0 0 0 0 0 0 0 0 0 0 0 0 0 0 0 0 0 0 0 1 0 0 0 0 1 0 0 0 0 0 0 0 0 0 0 0 0 0 0 0 0 0 0 0 0 0 0 0 0 0 1 0 0 0 0 0 0 1 0 0 0 
1 0 0 1 1 1 0 1 1 1 0 1 1 1 0 1 0 1 1 0 1 1 1 0 1 1 0 1 1 1 1 0 0 1 1 0 1 1 1 0 0 1 1 1 1 1 0 1 1 1 1 1 1 1 0 1 1 0 1 0 1 1 1 1 0 1 1 0 1 0 1 0 1 1 1 0 1 1 1 0 1 1 1 1 1 0 0 0 1 1 0 1 1 1 1 0 0 1 0 1 1 0 0 1 0 1 0 1 0 1 1 0 1 1 0 0 1 1 1 1 
1 0 0 1 1 1 0 1 1 1 0 1 1 1 0 1 0 1 1 0 1 1 1 0 1 1 0 1 1 1 1 0 0 1 1 0 1 1 1 0 0 1 1 1 1 1 0 1 1 1 1 1 1 1 0 1 1 0 1 0 1 1 1 1 1 0 1 0 1 0 1 0 1 1 1 0 1 1 1 0 1 1 1 1 1 0 0 0 1 1 0 1 1 1 1 0 0 1 0 1 1 0 0 1 0 1 0 1 0 1 1 0 1 1 0 0 1 1 1 1 
1 0 0 0 0 0 0 0 0 0 0 1 0 0 0 1 0 0 0 0 0 0 1 0 0 0 0 0 1 0 0 0 0 0 0 0 0 0 0 0 0 0 0 0 0 0 0 0 0 1 0 1 0 0 0 0 0 0 0 0 0 0 0 0 0 0 0 0 0 0 0 0 0 0 0 0 1 0 0 0 0 0 0 0 0 0 0 0 0 0 0 0 0 0 1 0 0 0 0 1 0 0 0 0 0 0 0 1 0 1 0 0 0 0 0 0 1 1 0 0 
0 0 0 0 0 0 0 0 0 0 0 0 0 0 0 0 0 0 0 0 0 0 0 0 0 0 0 0 1 0 0 0 0 0 0 0 0 0 0 0 0 1 0 0 0 0 0 0 0 1 0 0 0 0 0 0 0 0 0 0 0 0 0 0 0 0 0 0 0 0 0 0 0 0 0 0 1 0 0 0 0 0 0 0 0 0 0 0 0 0 0 0 0 0 1 0 0 0 0 1 0 0 0 0 0 0 0 1 0 0 0 0 0 0 0 0 0 1 0 0 
1 0 0 1 1 1 0 1 1 1 0 1 1 1 0 1 0 1 1 0 1 1 1 0 1 1 0 1 1 1 1 0 0 1 1 0 1 1 1 0 0 1 1 1 1 1 0 1 1 1 1 1 1 1 0 1 1 0 1 0 1 1 1 1 1 1 1 0 0 0 1 0 1 1 1 0 1 1 1 0 1 1 1 1 1 0 0 0 1 1 0 1 1 1 1 0 0 1 0 1 1 0 0 1 0 1 0 1 0 1 1 0 1 1 0 0 1 1 1 1 
0 0 0 0 0 0 1 0 0 0 0 0 0 0 0 0 0 0 0 0 0 0 0 0 0 0 0 0 1 0 0 0 0 0 0 0 0 0 0 0 0 0 0 0 0 0 0 0 0 1 0 0 0 0 0 0 0 0 0 0 0 0 0 0 0 0 0 0 0 0 0 0 0 0 0 0 1 0 0 0 0 0 0 0 0 0 0 0 0 0 0 0 0 0 1 0 0 0 0 1 0 0 0 0 0 0 0 1 0 0 0 0 0 0 0 0 0 1 0 0 
1 0 0 1 1 1 0 1 1 1 0 1 1 1 0 1 0 1 1 0 1 1 1 0 1 1 0 1 1 1 1 0 0 1 1 0 1 1 1 0 0 1 1 1 1 1 0 1 1 1 1 1 1 1 0 1 1 0 1 0 1 1 1 1 1 1 1 0 1 0 0 0 1 1 1 0 1 1 1 0 1 1 1 1 1 0 0 0 1 1 0 1 1 1 1 0 0 1 0 1 1 0 0 1 0 1 0 1 0 1 1 0 1 1 0 0 1 1 1 1 
1 0 0 1 1 1 0 1 1 1 0 1 1 1 1 1 0 1 1 0 1 1 1 0 1 1 0 1 1 1 1 0 1 1 1 0 1 1 1 0 0 1 1 1 1 1 0 1 1 1 1 1 1 1 0 1 1 0 1 1 1 1 1 1 1 1 1 1 1 0 1 0 1 1 1 0 1 1 1 0 1 1 1 1 1 0 0 0 1 1 0 1 1 1 1 0 0 1 0 1 1 0 0 1 0 1 0 1 0 1 1 0 1 1 0 0 1 1 1 1 
1 0 0 1 1 1 0 1 1 1 0 1 1 1 0 1 0 1 1 0 1 1 1 0 1 1 0 1 1 1 1 0 0 1 1 0 1 1 1 0 0 1 1 1 1 1 0 1 1 1 1 1 1 1 0 1 1 0 1 0 1 1 1 1 1 1 1 0 1 0 1 0 0 1 1 0 1 1 1 0 1 1 1 1 1 0 0 0 1 1 0 1 1 1 1 0 0 1 0 1 1 0 0 1 0 1 0 1 0 1 1 0 1 1 0 0 1 1 1 1 
1 0 0 1 1 1 0 1 1 1 0 1 1 1 0 1 0 1 1 0 1 1 1 0 1 1 0 1 1 1 1 0 0 1 1 0 1 1 1 0 0 1 1 1 1 1 0 1 1 1 1 1 1 1 0 1 1 0 1 0 1 1 1 1 1 1 1 0 1 0 1 0 1 0 1 0 1 1 1 0 1 1 1 1 1 0 0 0 1 1 0 1 1 1 1 0 0 1 0 1 1 0 0 1 0 1 0 1 0 1 1 0 1 1 0 0 1 1 1 1 
0 0 0 0 0 0 0 0 0 0 0 0 0 0 0 0 0 0 0 0 0 0 0 0 0 0 0 0 0 0 0 0 0 0 0 0 0 0 0 0 0 0 0 0 0 0 0 0 0 0 0 0 0 0 0 0 0 0 0 0 0 0 0 0 0 0 0 0 0 0 0 0 0 0 0 0 0 0 0 0 0 0 0 0 0 0 0 0 0 0 0 0 0 0 0 0 0 0 0 0 0 0 0 0 0 0 0 0 0 0 0 0 0 0 0 0 0 0 0 0 
1 0 0 1 1 1 0 1 1 1 0 1 1 1 0 1 0 1 1 0 1 1 1 0 1 1 0 1 1 1 1 0 0 1 1 0 1 1 1 0 0 1 1 1 1 1 0 1 1 1 1 1 1 1 0 1 1 0 1 0 1 1 1 1 1 1 1 0 1 0 1 0 1 1 1 0 1 1 1 0 1 1 1 1 1 0 0 0 1 1 0 1 1 1 1 0 0 1 0 1 1 0 0 1 0 1 0 1 0 1 1 0 1 1 0 0 1 1 1 1 
0 0 0 0 0 0 0 0 0 0 0 0 0 0 0 0 0 0 0 0 0 0 0 0 0 0 0 0 0 0 0 0 0 0 0 0 0 0 0 0 0 0 0 0 0 0 0 0 0 0 0 0 0 0 0 0 0 0 0 0 0 0 0 0 0 0 0 0 0 0 0 0 0 0 0 0 0 0 0 0 0 0 0 0 0 0 0 0 0 0 0 0 0 0 0 0 0 0 0 1 0 0 0 0 0 0 0 0 0 0 0 0 0 0 0 0 0 1 0 0 
1 0 0 1 1 1 0 1 1 1 0 1 1 1 0 1 0 1 1 0 1 1 1 0 1 1 0 1 1 1 1 0 0 1 1 0 1 1 1 0 0 1 1 1 1 1 0 1 1 1 1 1 1 1 0 1 1 0 1 0 1 1 1 1 1 1 1 0 1 0 1 0 1 1 1 0 1 0 1 0 1 1 1 1 1 0 0 0 1 1 0 1 1 1 1 0 0 1 0 1 1 0 0 1 0 1 0 1 0 1 1 0 1 1 0 0 1 1 1 1 
0 0 0 0 0 0 0 0 0 0 0 0 0 0 0 0 0 0 0 0 0 0 0 0 0 0 0 0 0 0 0 0 0 0 0 0 0 0 0 0 0 0 0 0 0 0 0 0 0 0 0 0 0 0 0 0 0 0 0 0 0 0 0 0 0 0 0 0 0 0 0 0 0 0 0 0 0 0 0 0 0 0 0 0 0 0 0 0 0 0 0 0 0 0 0 0 0 0 0 0 0 0 0 0 0 0 0 0 0 0 0 0 0 0 0 0 0 0 0 0 
1 0 0 1 1 1 0 1 1 1 0 1 1 1 0 1 0 1 1 0 1 1 1 0 1 1 0 1 1 1 1 0 0 1 1 1 1 1 1 0 1 1 1 1 1 1 1 1 1 1 1 1 1 1 0 1 1 0 1 1 1 1 1 1 1 1 1 0 1 0 1 0 1 1 1 1 1 1 1 0 1 1 1 1 1 0 0 0 1 1 0 1 1 1 1 0 0 1 1 1 1 0 1 1 0 1 0 1 0 1 1 1 1 1 0 0 1 1 1 1 
1 0 0 1 1 1 0 1 1 1 0 1 1 1 0 1 0 1 1 0 1 1 1 0 1 1 0 1 1 1 1 0 0 1 1 0 1 1 1 0 0 1 1 1 1 1 0 1 1 1 1 1 1 1 0 1 1 0 1 0 1 1 1 1 1 1 1 0 1 0 1 0 1 1 1 0 1 1 1 0 0 1 1 1 1 0 0 0 1 1 0 1 1 1 1 0 0 1 0 1 1 0 0 1 0 1 0 1 0 1 1 0 1 1 0 0 1 1 1 1 
0 0 0 0 0 0 0 0 0 0 0 0 0 0 0 1 0 0 0 0 0 0 1 0 0 0 0 0 0 0 0 0 0 0 0 0 1 0 0 0 0 1 0 0 0 0 0 0 0 0 0 1 0 0 0 0 0 0 0 0 0 0 0 1 0 0 0 0 0 0 0 0 0 0 0 0 0 0 1 0 0 0 0 1 0 0 0 0 0 0 0 0 0 0 0 0 0 0 0 0 0 0 0 0 0 0 0 0 0 1 0 0 0 0 0 0 1 0 0 0 
1 0 0 1 1 1 0 1 1 1 0 1 1 1 0 1 0 1 1 0 1 1 1 0 1 1 0 1 1 1 1 0 0 1 1 0 1 1 1 0 0 1 1 1 1 1 0 1 1 1 1 1 1 1 0 1 1 0 1 0 1 1 1 1 1 1 1 0 1 0 1 0 1 1 1 0 1 1 1 0 1 1 0 1 1 0 0 0 1 1 0 1 1 1 1 0 0 1 0 1 1 0 0 1 0 1 0 1 0 1 1 0 1 1 0 0 1 1 1 1 
0 0 0 0 0 0 0 0 0 0 0 0 0 0 0 1 0 0 0 0 0 0 1 0 0 0 0 0 0 0 0 0 0 0 0 0 1 0 0 0 0 0 0 0 0 0 0 0 0 0 0 1 0 0 0 0 0 0 0 0 0 0 0 0 0 0 0 0 0 0 0 0 0 0 0 0 0 0 1 0 0 0 0 0 0 0 0 0 0 0 0 0 0 0 0 0 0 0 0 0 0 0 0 0 0 0 0 0 0 1 0 0 0 0 0 0 1 0 0 0 
1 0 0 1 1 1 0 1 1 1 0 1 1 1 0 1 0 1 1 0 1 1 1 0 1 1 0 1 1 1 1 0 0 1 1 0 1 1 1 0 0 1 1 1 1 1 0 1 1 1 1 1 1 1 0 1 1 0 1 0 1 1 1 1 1 1 1 0 1 0 1 0 1 1 1 0 1 1 1 0 1 1 1 1 0 0 0 0 1 1 0 1 1 1 1 0 0 1 0 1 1 0 0 1 0 1 0 1 0 1 1 0 1 1 0 0 1 1 1 1 
0 0 0 0 0 0 0 0 0 0 0 0 0 0 0 0 0 0 0 0 0 0 0 0 0 0 0 0 0 0 0 0 0 0 0 0 0 0 0 0 0 0 0 0 0 0 0 0 0 0 0 0 0 0 0 0 0 0 0 0 0 0 0 0 0 0 0 0 0 0 0 0 0 0 0 0 0 0 0 0 0 0 0 0 0 0 0 0 0 0 0 0 0 0 0 0 0 0 0 0 0 0 0 0 0 0 0 0 0 0 0 0 0 0 0 0 0 0 0 0 
1 0 0 1 1 1 0 1 1 1 0 1 1 1 0 1 0 1 1 0 1 1 1 0 1 1 0 1 1 1 1 0 0 1 1 0 1 1 1 0 0 1 1 1 1 1 0 1 1 1 1 1 1 1 0 1 1 0 1 0 1 1 1 1 1 1 1 0 1 0 1 0 1 1 1 0 1 1 1 0 1 1 1 1 1 0 0 0 1 1 0 1 1 1 1 0 0 1 0 1 1 0 0 1 0 1 0 1 0 1 1 0 1 1 0 0 1 1 1 1 
1 0 0 1 1 1 1 1 1 1 0 1 1 1 0 1 0 1 1 0 1 1 1 0 1 1 0 1 1 1 1 0 0 1 1 0 1 1 1 0 0 1 1 1 1 1 0 1 1 1 1 1 1 1 0 1 1 0 1 0 1 1 1 1 1 1 1 0 1 1 1 0 1 1 1 0 1 1 1 0 1 1 1 1 1 0 0 0 1 1 0 1 1 1 1 0 0 1 0 1 1 0 0 1 0 1 0 1 0 1 1 0 1 1 1 0 1 1 1 1 
1 0 0 1 1 1 0 1 1 1 0 1 1 1 0 1 0 1 1 0 1 1 1 0 1 1 0 1 1 1 1 0 0 1 1 0 1 1 1 0 0 1 1 1 1 1 0 1 1 1 1 1 1 1 0 1 1 0 1 0 1 1 1 1 1 1 1 0 1 0 1 0 1 1 1 0 1 1 1 0 1 1 1 1 1 0 0 0 0 1 0 1 1 1 1 0 0 1 0 1 1 0 0 1 0 1 0 1 0 1 1 0 1 1 0 0 1 1 1 1 
1 0 0 1 1 1 0 1 1 1 0 1 1 1 0 1 0 1 1 0 1 1 1 0 1 1 0 1 1 1 1 0 0 1 1 0 1 1 1 0 0 1 1 1 1 1 0 1 1 1 1 1 1 1 0 1 1 0 1 0 1 1 1 1 1 1 1 0 1 0 1 0 1 1 1 0 1 1 1 0 1 1 1 1 1 0 0 0 1 0 0 1 1 1 1 0 0 1 0 1 1 0 0 1 0 1 0 1 0 1 1 0 1 1 0 0 1 1 1 1 
1 0 0 1 1 1 0 1 1 1 0 1 1 1 0 1 0 1 1 0 1 1 1 0 1 1 0 1 1 1 1 0 0 1 1 0 1 1 1 0 0 1 1 1 1 1 0 1 1 1 1 1 1 1 0 1 1 0 1 0 1 1 1 1 1 1 1 0 1 0 1 0 1 1 1 0 1 1 1 0 1 1 1 1 1 0 0 0 1 1 0 1 1 1 1 0 0 1 0 1 1 0 0 1 0 1 0 1 0 1 1 0 1 1 0 0 1 1 1 1 
1 0 0 1 1 1 0 1 1 1 0 1 1 1 0 1 0 1 1 0 1 1 1 0 1 1 0 1 1 1 1 0 0 1 1 0 1 1 1 0 0 1 1 1 1 1 0 1 1 1 1 1 1 1 0 1 1 0 1 0 1 1 1 1 1 1 1 0 1 0 1 0 1 1 1 0 1 1 1 0 1 1 1 1 1 0 0 0 1 1 0 0 1 1 1 0 0 1 0 1 1 0 0 1 0 1 0 1 0 1 1 0 1 1 0 0 1 1 1 1 
1 0 0 1 1 1 0 1 1 1 0 1 1 1 0 1 0 1 1 0 1 1 1 0 1 1 0 1 1 1 1 0 0 1 1 0 1 1 1 0 0 1 1 1 1 1 0 1 1 1 1 1 1 1 0 1 1 0 1 0 1 1 1 1 1 1 1 0 1 0 1 0 1 1 1 0 1 1 1 0 1 1 1 1 1 0 0 0 1 1 0 1 0 1 1 0 0 1 0 1 1 0 0 1 0 1 0 1 0 1 1 0 1 1 0 0 1 1 1 1 
0 0 0 0 0 0 0 0 0 0 0 0 0 0 0 0 0 0 0 0 0 0 0 0 0 0 0 0 0 0 0 0 0 0 0 0 0 0 0 0 0 0 0 0 0 0 0 0 0 0 0 0 0 0 0 0 0 0 0 0 0 0 0 0 0 0 0 0 0 0 0 0 0 0 0 0 0 0 0 0 0 0 0 0 0 0 0 0 0 0 0 0 0 0 0 0 0 0 0 0 0 0 0 0 0 0 0 0 0 0 0 0 0 0 0 0 0 0 0 0 
0 0 0 0 0 0 0 0 0 0 0 0 0 0 0 0 0 0 0 0 0 0 0 0 0 0 0 0 1 0 0 0 0 0 0 0 0 0 0 0 0 0 0 0 0 0 0 0 0 1 0 0 0 0 0 0 0 0 0 0 0 0 0 0 0 0 0 0 0 0 0 0 0 0 0 0 1 0 0 0 0 0 0 0 0 0 0 0 0 0 0 0 0 0 0 0 0 0 0 1 0 0 0 0 0 0 0 1 0 0 0 0 0 0 0 0 0 1 0 0 
1 0 0 1 1 1 0 1 1 1 0 1 1 1 1 1 1 1 1 1 1 1 1 0 1 1 0 1 1 1 1 0 1 1 1 0 1 1 1 0 0 1 1 1 1 1 1 1 1 1 1 1 1 1 1 1 1 1 1 1 1 1 1 1 1 1 1 1 1 0 1 1 1 1 1 1 1 1 1 0 1 1 1 1 1 0 0 0 1 1 0 1 1 1 1 0 0 1 0 1 1 0 0 1 0 1 0 1 0 1 1 0 1 1 0 0 1 1 1 1 
1 0 0 0 0 0 0 0 0 0 0 1 0 0 0 1 0 0 0 0 0 0 1 0 0 0 0 0 1 0 0 0 0 0 0 0 0 0 0 0 0 0 0 0 0 0 0 0 0 1 0 1 0 0 0 0 0 0 0 0 0 0 0 0 0 0 1 0 0 0 0 0 0 0 0 0 1 0 0 0 0 0 0 0 0 0 0 0 0 0 0 0 0 0 1 0 0 0 0 1 0 0 0 0 0 0 0 1 0 1 0 0 0 0 0 0 1 1 0 0 
1 0 0 1 1 1 0 1 1 1 0 1 1 1 0 1 0 1 1 0 1 1 1 0 1 1 0 1 1 1 1 0 0 1 1 0 1 1 1 0 0 1 1 1 1 1 0 1 1 1 1 1 1 1 0 1 1 0 1 0 1 1 1 1 1 1 1 0 1 0 1 0 1 1 1 0 1 1 1 0 1 1 1 1 1 0 0 0 1 1 0 1 1 1 1 0 0 0 0 1 1 0 0 1 0 1 0 1 0 1 1 0 1 1 0 0 1 1 1 1 
1 0 0 1 1 1 0 1 1 1 0 1 1 1 0 1 0 1 1 0 1 1 1 0 1 1 0 1 1 1 1 0 0 1 1 0 1 1 1 0 0 1 1 1 1 1 0 1 1 1 1 1 1 1 0 1 1 0 1 0 1 1 1 1 1 1 1 0 1 0 1 0 1 1 1 1 1 1 1 0 1 1 1 1 1 0 0 0 1 1 0 1 1 1 1 0 0 1 0 1 1 0 0 1 0 1 0 1 0 1 1 0 1 1 0 0 1 1 1 1 
0 0 0 0 0 0 0 0 0 0 0 0 0 0 0 0 0 0 0 0 0 0 0 0 0 0 0 0 0 0 0 0 0 0 0 0 0 0 0 0 0 0 0 0 0 0 0 0 0 0 0 0 0 0 0 0 0 0 0 0 0 0 0 0 0 0 0 0 0 0 0 0 0 0 0 0 0 0 0 0 0 0 0 0 0 0 0 0 0 0 0 0 0 0 0 0 0 0 0 0 0 0 0 0 0 0 0 0 0 0 0 0 0 0 0 0 0 1 0 0 
0 0 0 0 0 0 0 0 0 0 0 0 0 0 0 0 0 0 0 0 0 0 0 0 0 0 0 0 0 0 0 0 0 0 0 0 0 0 0 0 0 0 0 0 0 0 0 0 0 0 0 0 0 0 0 0 0 0 0 0 0 0 0 0 0 0 0 0 0 0 0 0 0 0 0 0 0 0 0 0 0 0 0 0 0 0 0 0 0 0 0 0 0 0 0 0 0 0 0 0 0 0 0 0 0 0 0 0 0 0 0 0 0 0 0 0 0 0 0 0 
1 0 0 1 1 1 0 1 1 1 0 1 1 1 0 1 0 1 1 0 1 1 1 0 1 1 0 1 1 1 1 0 0 1 1 0 1 1 1 0 0 1 1 1 1 1 0 1 1 1 1 1 1 1 0 1 1 0 1 1 1 1 1 1 1 1 1 0 1 0 1 0 1 1 1 1 1 1 1 0 1 1 1 1 1 0 0 0 1 1 0 1 1 1 1 0 0 1 1 1 1 0 1 1 0 1 0 1 0 1 1 1 1 1 0 1 1 1 1 1 
1 0 0 1 1 1 0 1 1 1 0 1 1 1 0 1 0 1 1 0 1 1 1 0 1 1 0 1 1 1 1 0 0 1 1 0 1 1 1 0 0 1 1 1 1 1 0 1 1 1 1 1 1 1 0 1 1 0 1 1 1 1 1 1 1 1 1 0 1 0 1 0 1 1 1 1 1 1 1 0 1 1 1 1 1 0 0 0 1 1 0 1 1 1 1 0 0 1 1 1 1 0 0 1 0 1 0 1 0 1 1 1 1 1 0 0 1 1 1 1 
0 0 0 0 0 0 0 0 0 0 0 0 0 0 0 0 0 0 0 0 0 0 0 0 0 0 0 0 0 0 0 0 0 0 0 0 0 0 0 0 0 0 0 0 0 0 0 0 0 0 0 0 0 0 0 0 0 0 0 0 0 0 0 0 0 0 0 0 0 0 0 0 0 0 0 0 0 0 0 0 0 0 0 0 0 0 0 0 0 0 0 0 0 0 0 0 0 0 0 0 0 0 0 0 0 0 0 0 0 0 0 0 0 0 0 0 0 0 0 0 
0 0 0 0 0 0 0 0 0 0 0 0 0 0 0 0 0 0 0 0 0 0 0 0 0 0 0 0 0 0 0 0 0 0 0 0 0 0 0 0 0 0 0 0 0 0 0 0 0 0 0 0 0 0 0 0 0 0 0 0 0 0 0 0 0 0 0 0 0 0 0 0 0 0 0 0 0 0 0 0 0 0 0 0 0 0 0 0 0 0 0 0 0 0 0 0 0 0 0 0 0 0 0 0 0 0 0 0 0 0 0 0 0 0 0 0 0 0 0 0 
1 0 0 1 1 1 0 1 1 1 0 1 1 1 0 1 0 1 1 0 1 1 1 0 1 1 0 1 1 1 1 0 0 1 1 0 1 1 1 0 0 1 1 1 1 1 0 1 1 1 1 1 1 1 0 1 1 0 1 0 1 1 1 1 1 1 1 0 1 0 1 0 1 1 1 0 1 1 1 0 1 1 1 1 1 0 0 0 1 1 0 1 1 1 1 0 0 1 0 1 1 0 0 1 0 0 0 1 0 1 1 0 1 1 0 0 1 1 1 1 
0 0 0 0 0 0 0 0 0 0 0 0 0 0 0 1 0 0 0 0 0 0 1 0 0 0 0 0 0 0 0 0 0 0 0 0 0 0 0 0 0 0 0 0 0 0 0 0 0 0 0 1 0 0 0 0 0 0 0 0 0 0 0 0 0 0 0 0 0 0 0 0 0 0 0 0 0 0 0 0 0 0 0 0 0 0 0 0 0 0 0 0 0 0 0 0 0 0 0 0 0 0 0 0 0 0 0 0 0 1 0 0 0 0 0 0 1 0 0 0 
0 0 0 0 0 0 0 0 0 0 0 0 0 0 0 0 0 0 0 0 0 0 0 0 0 0 0 0 0 0 0 0 0 0 0 0 0 0 0 0 0 0 0 0 0 0 0 0 0 0 0 0 0 0 0 0 0 0 0 0 0 0 0 0 0 0 0 0 0 0 0 0 0 0 0 0 0 0 0 0 0 0 0 0 0 0 0 0 0 0 0 0 0 0 0 0 0 0 0 0 0 0 0 0 0 0 0 0 0 0 0 0 0 0 0 0 0 0 0 0 
1 0 0 1 1 1 1 1 1 1 0 1 1 1 0 1 0 1 1 0 1 1 1 0 1 1 0 1 1 1 1 0 0 1 1 0 1 1 1 0 0 1 1 1 1 1 0 1 1 1 1 1 1 1 0 1 1 0 1 1 1 1 1 1 1 1 1 0 1 1 1 0 1 1 1 1 1 1 1 0 1 1 1 1 1 0 0 1 1 1 0 1 1 1 1 0 0 1 1 1 1 0 1 1 0 1 0 1 0 1 1 1 1 1 1 0 1 1 1 1 
0 0 0 0 0 0 0 0 0 0 0 0 0 0 0 1 0 0 0 0 0 0 0 0 0 0 0 0 0 0 0 0 0 0 0 0 0 0 0 0 0 0 0 0 0 0 0 0 0 0 0 1 0 0 0 0 0 0 0 0 0 0 0 0 0 0 0 0 0 0 0 0 0 0 0 0 0 0 0 0 0 0 0 0 0 0 0 0 0 0 0 0 0 0 0 0 0 0 0 0 0 0 0 0 0 0 0 0 0 0 0 0 0 0 0 0 1 0 0 0 
1 0 0 1 1 1 0 1 1 1 0 1 1 1 0 1 0 1 1 0 1 1 1 0 1 1 0 1 1 1 1 0 0 1 1 0 1 1 1 0 0 1 1 1 1 1 0 1 1 1 1 1 1 1 0 1 1 0 1 0 1 1 1 1 1 1 1 0 1 0 1 0 1 1 1 0 1 1 1 0 1 1 1 1 1 0 0 0 1 1 0 1 1 1 1 0 0 1 0 1 1 0 0 1 0 1 0 1 0 1 0 0 1 1 0 0 1 1 1 1 
1 0 0 1 1 1 0 1 1 1 0 1 1 1 0 1 0 1 1 0 1 1 1 0 1 1 0 1 1 1 1 0 0 1 1 0 1 1 1 0 0 1 1 1 1 1 0 1 1 1 1 1 1 1 0 1 1 0 1 0 1 1 1 1 1 1 1 0 1 0 1 0 1 1 1 0 1 1 1 0 1 1 1 1 1 0 0 0 1 1 0 1 1 1 1 0 0 1 0 1 1 0 0 1 0 1 0 1 0 1 1 0 1 1 0 0 1 1 1 1 
1 0 0 1 1 1 0 1 1 1 0 1 1 1 0 1 0 1 1 0 1 1 1 0 1 1 0 1 1 1 1 0 0 1 1 0 1 1 1 0 0 1 1 1 1 1 0 1 1 1 1 1 1 1 0 1 1 0 1 0 1 1 1 1 1 1 1 0 1 0 1 0 1 1 1 0 1 1 1 0 1 1 1 1 1 0 0 0 1 1 0 1 1 1 1 0 0 1 0 1 1 0 0 1 0 1 0 1 0 1 1 0 0 1 0 0 1 1 1 1 
1 0 0 1 1 1 0 1 1 1 0 1 1 1 0 1 0 1 1 0 1 1 1 0 1 1 0 1 1 1 1 0 0 1 1 0 1 1 1 0 0 1 1 1 1 1 0 1 1 1 1 1 1 1 0 1 1 0 1 0 1 1 1 1 1 1 1 0 1 0 1 0 1 1 1 0 1 1 1 0 1 1 1 1 1 0 0 0 1 1 0 1 1 1 1 0 0 1 0 1 1 0 0 1 0 1 0 1 0 1 1 0 1 0 0 0 1 1 1 1 
1 0 0 1 1 1 1 1 1 1 0 1 1 1 0 1 0 1 1 0 1 1 1 0 1 1 0 1 1 1 1 0 0 1 1 0 1 1 1 0 0 1 1 1 1 1 0 1 1 1 1 1 1 1 0 1 1 0 1 0 1 1 1 1 1 1 1 0 1 1 1 0 1 1 1 0 1 1 1 0 1 1 1 1 1 0 0 0 1 1 0 1 1 1 1 0 0 1 0 1 1 0 0 1 0 1 0 1 0 1 1 0 1 1 0 0 1 1 1 1 
1 0 0 1 1 1 0 1 1 1 0 1 1 1 0 1 0 1 1 0 1 1 1 0 1 1 0 1 1 1 1 0 0 1 1 0 1 1 1 0 0 1 1 1 1 1 0 1 1 1 1 1 1 1 0 1 1 0 1 1 1 1 1 1 1 1 1 0 1 0 1 0 1 1 1 1 1 1 1 0 1 1 1 1 1 0 0 0 1 1 0 1 1 1 1 0 0 1 1 1 1 0 1 1 0 1 0 1 0 1 1 1 1 1 0 0 1 1 1 1 
0 0 0 0 0 0 0 0 0 0 0 0 0 0 0 0 0 0 0 0 0 0 0 0 0 0 0 0 0 0 0 0 0 0 0 0 0 0 0 0 0 0 0 0 0 0 0 0 0 0 0 0 0 0 0 0 0 0 0 0 0 0 0 0 0 0 0 0 0 0 0 0 0 0 0 0 0 0 0 0 0 0 0 0 0 0 0 0 0 0 0 0 0 0 0 0 0 0 0 0 0 0 0 0 0 0 0 0 0 0 0 0 0 0 0 0 0 0 0 0 
0 0 0 0 0 0 0 0 0 0 0 0 0 0 0 0 0 0 0 0 0 0 0 0 0 0 0 0 0 0 0 0 0 0 0 0 0 0 0 0 0 0 0 0 0 0 0 0 0 0 0 0 0 0 0 0 0 0 0 0 0 0 0 0 0 0 0 0 0 0 0 0 0 0 0 0 0 0 0 0 0 0 0 0 0 0 0 0 0 0 0 0 0 0 0 0 0 0 0 0 0 0 0 0 0 0 0 0 0 0 0 0 0 0 0 0 0 0 0 0 
1 0 0 1 1 1 0 1 1 1 0 1 1 1 0 1 0 1 1 0 1 1 1 0 1 1 0 1 1 1 1 0 0 1 1 0 1 1 1 0 0 1 1 1 1 1 0 1 1 1 1 1 1 1 0 1 1 0 1 0 1 1 1 1 1 1 1 0 1 0 1 0 1 1 1 0 1 1 1 0 1 1 1 1 1 0 0 0 1 1 0 1 1 1 1 0 0 1 0 1 1 0 0 1 0 1 0 1 0 1 1 0 1 1 0 0 1 1 0 1 
1 0 0 1 1 1 0 1 1 1 0 1 1 1 0 1 0 1 1 0 1 1 1 0 1 1 0 1 1 1 1 0 0 1 1 0 1 1 1 0 0 1 1 1 1 1 0 1 1 1 1 1 1 1 0 1 1 0 1 0 1 1 1 1 1 1 1 0 1 0 1 0 1 1 1 0 1 1 1 0 1 1 1 1 1 0 0 0 1 1 0 1 1 1 1 0 0 1 0 1 1 0 0 1 0 1 0 1 0 1 1 0 1 1 0 0 1 1 1 0 
