# Number of items
90
# Stacking height
3
# Number of stacks
68
# Item name and Appearance
# (0 for I^{fix}, 1 for I^1, 2 for I^2)
   001     0
   002     0
   003     0
   004     0
   005     0
   006     0
   007     0
   008     0
   009     0
   010     0
   011     0
   012     0
   013     0
   014     0
   015     0
   016     0
   017     0
   018     0
   019     0
   020     0
   021     0
   022     0
   023     0
   024     0
   025     0
   026     0
   027     0
   028     0
   029     0
   030     0
   031     0
   032     0
   033     1
   034     1
   035     1
   036     1
   037     1
   038     1
   039     1
   040     1
   041     1
   042     1
   043     1
   044     1
   045     1
   046     1
   047     1
   048     1
   049     1
   050     1
   051     1
   052     1
   053     1
   054     1
   055     1
   056     1
   057     1
   058     1
   059     1
   060     1
   061     1
   062     1
   063     1
   064     1
   065     1
   066     1
   067     1
   068     1
   069     1
   070     2
   071     2
   072     2
   073     2
   074     2
   075     2
   076     2
   077     2
   078     2
   079     2
   080     2
   081     2
   082     2
   083     2
   084     2
   085     2
   086     2
   087     2
   088     2
   089     2
   090     2
# Positions of Ifix-items in the format (itemName, stack, level)
   001    29     1
   002     9     1
   003    10     1
   004    12     1
   005    28     1
   006     2     1
   007    20     1
   008    26     1
   009    22     1
   010    23     1
   011    15     1
   012    24     1
   013    18     1
   014     3     1
   015    27     1
   016     6     1
   017    16     1
   018     7     1
   019     5     1
   020    17     1
   021     1     2
   022    21     1
   023    31     1
   024     1     1
   025    13     1
   026    14     1
   027    11     1
   028    25     1
   029    19     1
   030    30     1
   031     8     1
   032     4     1
# Stacking matrix
# Info: number of 1-entries = 1911, density = 0.24
0 1 1 1 0 0 0 1 0 1 0 0 0 1 0 1 0 1 1 1 1 0 0 1 1 0 1 0 0 0 0 0 0 0 1 1 1 0 0 1 1 1 0 1 0 1 1 1 1 0 0 1 0 0 0 1 1 1 1 0 0 0 0 0 0 1 0 1 0 1 0 0 1 1 1 0 0 1 1 1 0 1 1 1 1 0 1 0 1 1 
0 0 0 0 0 0 0 0 0 0 0 0 0 0 0 0 0 0 0 0 0 0 0 0 0 0 0 0 0 0 0 0 0 0 0 0 0 0 0 0 0 0 0 0 0 0 0 0 0 0 0 0 0 0 0 0 0 0 0 0 0 0 0 0 0 0 0 0 0 0 0 0 0 0 0 0 0 0 0 0 0 0 0 0 0 0 0 0 0 0 
1 1 0 1 0 0 0 1 0 1 0 0 0 1 0 1 0 1 1 1 1 0 0 1 1 0 1 0 0 0 0 0 0 0 1 1 1 0 0 1 1 1 0 1 0 1 1 1 1 0 0 1 0 0 0 1 1 1 1 0 0 0 0 0 0 1 0 1 0 1 0 0 1 1 1 0 0 1 1 1 0 1 1 1 1 0 1 0 1 1 
1 1 1 0 0 0 0 1 0 1 0 0 0 1 0 1 0 1 1 1 1 0 0 1 1 0 1 0 0 0 0 0 0 0 1 1 1 0 0 1 1 1 0 1 0 1 1 1 1 0 0 1 0 0 0 1 1 1 1 0 0 0 0 0 0 1 0 1 0 1 0 0 1 1 1 0 0 1 1 1 0 1 1 1 1 0 1 0 1 1 
0 0 0 0 0 0 1 0 0 0 0 0 0 0 0 0 0 0 0 0 0 0 0 0 0 1 0 0 0 0 0 0 0 0 0 0 0 0 0 0 0 0 0 0 0 0 0 0 0 0 0 0 0 0 0 0 0 0 0 0 0 0 0 0 0 0 0 0 0 0 0 0 0 0 0 0 0 0 0 0 0 0 0 0 0 0 0 0 0 0 
0 0 0 0 0 0 0 0 0 0 0 0 0 0 0 0 0 0 0 0 0 0 0 0 0 0 0 0 0 0 0 0 0 0 0 0 0 0 0 0 0 0 0 0 0 0 0 0 0 0 0 0 0 0 0 0 0 0 0 0 0 0 0 0 0 0 0 0 0 0 0 0 0 0 0 0 0 0 0 0 0 0 0 0 0 0 0 0 0 0 
0 0 0 0 0 0 0 0 0 0 0 0 0 0 0 0 0 0 0 0 0 0 0 0 0 0 0 0 0 0 0 0 0 0 0 0 0 0 0 0 0 0 0 0 0 0 0 0 0 0 0 0 0 0 0 0 0 0 0 0 0 0 0 0 0 0 0 0 0 0 0 0 0 0 0 0 0 0 0 0 0 0 0 0 0 0 0 0 0 0 
1 1 1 1 0 0 0 0 0 1 0 0 0 1 0 1 0 1 1 1 1 0 0 1 1 0 1 0 0 0 0 0 0 0 1 1 1 0 0 1 1 1 0 1 0 1 1 1 1 0 0 1 0 0 0 1 1 1 1 0 0 0 0 0 0 1 0 1 0 1 0 0 1 1 1 0 0 1 1 1 0 1 1 1 1 0 1 0 1 1 
0 0 0 0 0 0 0 0 0 0 0 0 0 0 1 0 0 0 0 0 0 0 0 0 0 0 0 0 0 0 0 0 1 0 0 0 0 0 0 0 0 0 0 1 0 0 0 0 0 1 0 1 1 0 0 0 0 0 0 0 0 0 0 0 0 0 0 0 0 0 0 0 0 0 0 0 0 0 0 1 0 0 0 0 0 0 0 0 0 0 
1 1 1 1 0 0 0 1 0 0 0 0 0 1 0 1 0 1 1 1 1 0 0 1 1 0 1 0 0 0 0 0 0 0 1 1 1 0 0 1 1 1 0 1 0 1 1 1 1 0 0 1 0 0 0 1 1 1 1 0 0 0 0 0 0 1 0 1 0 1 0 0 1 1 1 0 0 1 1 1 0 1 1 1 1 0 1 0 1 1 
1 1 1 1 0 0 0 1 0 1 0 0 0 1 0 1 0 1 1 1 1 0 0 1 1 0 1 0 0 0 0 0 0 0 1 1 1 0 0 1 1 1 0 1 0 1 1 1 1 0 0 1 0 0 0 1 1 1 1 0 0 0 0 0 0 1 0 1 0 1 0 0 1 1 1 0 0 1 1 1 0 1 1 1 1 0 1 0 1 1 
0 0 0 0 0 0 0 0 0 0 0 0 0 0 0 0 0 0 0 0 0 0 0 0 0 0 0 0 0 0 0 0 0 0 0 0 0 0 0 1 0 1 0 0 0 0 0 0 0 0 0 0 0 0 0 0 0 0 0 0 0 0 0 0 0 0 0 0 0 0 0 0 1 0 0 0 0 0 0 0 0 0 0 0 1 0 1 0 0 0 
0 0 0 0 0 0 0 0 0 0 0 0 0 0 0 0 0 0 0 0 0 0 0 0 0 0 0 0 0 0 0 0 0 0 0 0 0 0 0 0 0 0 0 0 0 0 0 0 0 0 0 0 0 0 0 0 0 0 0 0 0 0 0 0 0 0 0 0 0 0 0 0 0 0 0 0 0 0 0 0 0 0 0 0 0 0 0 0 0 0 
1 1 1 1 0 0 0 1 0 1 0 0 0 0 0 1 0 1 1 1 1 0 0 1 1 0 1 0 0 0 0 0 0 0 1 1 1 0 0 1 1 1 0 1 0 1 1 1 1 0 0 1 0 0 0 1 1 1 1 0 0 0 0 0 0 1 0 1 0 1 0 0 1 1 1 0 0 1 1 1 0 1 1 1 1 0 1 0 1 1 
0 0 0 0 0 0 0 0 0 0 0 0 0 0 0 0 0 0 0 0 0 0 0 0 0 0 0 0 0 0 0 0 0 0 0 0 0 0 0 0 0 0 0 1 0 0 0 0 0 1 0 1 0 0 0 0 0 0 0 0 0 0 0 0 0 0 0 0 0 0 0 0 0 0 0 0 0 0 0 1 0 0 0 0 0 0 0 0 0 0 
0 1 0 0 0 0 0 0 0 0 0 0 0 0 0 0 0 0 0 0 0 0 0 0 0 0 0 0 0 0 0 0 0 0 0 0 0 0 0 0 0 0 0 1 0 0 0 0 0 0 0 0 0 0 0 0 0 0 1 0 0 0 0 0 0 0 0 1 0 0 0 0 0 0 0 0 0 0 0 1 0 0 0 0 1 0 0 0 0 0 
0 0 0 0 0 0 0 0 0 0 0 0 0 0 0 0 0 0 0 0 0 0 0 0 0 0 0 0 0 0 0 0 0 0 0 0 0 0 0 0 0 0 0 0 0 0 0 0 0 0 0 0 0 0 0 0 0 0 0 0 1 0 1 0 0 0 0 0 0 0 0 0 0 0 0 0 0 0 0 0 0 0 0 0 0 0 0 0 0 0 
1 1 1 1 0 0 0 1 0 1 0 0 0 1 0 1 0 0 1 1 1 0 0 1 1 0 1 0 0 0 0 0 0 0 1 1 1 0 0 1 1 1 0 1 0 1 1 1 1 0 0 1 0 0 0 1 1 1 1 0 0 0 0 0 0 1 0 1 0 1 0 0 1 1 1 0 0 1 1 1 0 1 1 1 1 0 1 0 1 1 
1 1 1 1 0 0 0 1 0 1 0 0 0 1 0 1 0 1 0 1 1 0 0 1 1 0 1 0 0 0 0 0 0 0 1 1 1 0 0 1 1 1 0 1 0 1 1 1 1 0 0 1 0 0 0 1 1 1 1 0 0 0 0 0 0 1 0 1 0 1 0 0 1 1 1 0 0 1 1 1 0 1 1 1 1 0 1 0 1 1 
1 1 1 1 0 0 0 1 0 1 0 0 0 1 0 1 0 1 1 0 1 0 0 1 1 0 1 0 0 0 0 0 0 0 1 1 1 0 0 1 1 1 0 1 0 1 1 1 1 0 0 1 0 0 0 1 1 1 1 0 0 0 0 0 0 1 0 1 0 1 0 0 1 1 1 0 0 1 1 1 0 1 1 1 1 0 1 0 1 1 
1 1 1 1 0 0 0 1 0 1 0 0 0 1 0 1 0 1 1 1 0 0 0 1 1 0 1 0 0 0 0 0 0 0 1 1 1 0 0 1 1 1 0 1 0 1 1 1 1 0 0 1 0 0 0 1 1 1 1 0 0 0 0 0 0 1 0 1 0 1 0 0 1 1 1 0 0 1 1 1 0 1 1 1 1 0 1 0 1 1 
0 0 0 0 0 0 0 0 0 0 0 0 0 0 0 0 0 0 0 0 0 0 0 0 0 0 0 0 0 0 0 0 0 0 0 0 0 0 0 0 0 0 0 0 0 0 0 0 0 0 0 0 0 0 0 0 0 0 0 0 0 0 0 0 0 0 1 1 0 0 1 0 0 0 0 0 0 0 0 1 0 0 0 0 1 0 0 0 0 0 
1 1 1 1 0 0 0 1 0 1 0 0 0 1 0 1 0 1 1 1 1 0 0 1 1 0 1 0 0 0 0 0 0 0 1 1 1 0 0 1 1 1 0 1 0 1 1 1 1 0 0 1 0 0 0 1 1 1 1 0 0 0 0 0 0 1 0 1 0 1 0 0 1 1 1 0 0 1 1 1 0 1 1 1 1 0 1 0 1 1 
0 0 0 0 0 0 0 0 0 0 0 0 0 0 0 0 0 0 0 0 0 0 0 0 0 0 0 0 0 0 0 0 0 0 0 0 0 0 0 0 0 0 0 0 0 0 0 0 0 0 0 1 0 0 0 0 0 0 0 0 0 0 0 0 0 0 0 0 0 0 0 0 0 0 0 0 0 0 0 0 0 0 0 0 0 0 0 0 0 0 
1 1 1 1 0 0 0 1 0 1 0 0 0 1 0 1 0 1 1 1 1 0 0 1 0 0 1 0 0 0 0 0 0 0 1 1 1 0 0 1 1 1 0 1 0 1 1 1 1 0 0 1 0 0 0 1 1 1 1 0 0 0 0 0 0 1 0 1 0 1 0 0 1 1 1 0 0 1 1 1 0 1 1 1 1 0 1 0 1 1 
0 0 0 0 0 0 1 0 0 0 0 0 0 0 0 0 0 0 0 0 0 0 0 0 0 0 0 0 0 0 0 0 0 0 0 0 0 0 0 0 0 0 0 0 0 0 0 0 0 0 0 0 0 0 0 0 0 0 0 0 0 0 0 0 0 0 0 0 0 0 0 0 0 0 0 0 0 0 0 0 0 0 0 0 0 0 0 0 0 0 
1 1 1 1 0 0 0 1 0 1 0 0 0 1 0 1 0 1 1 1 1 0 0 1 1 0 0 0 0 0 0 0 0 0 1 1 1 0 0 1 1 1 0 1 0 1 1 1 1 0 0 1 0 0 0 1 1 1 1 0 0 0 0 0 0 1 0 1 0 1 0 0 1 1 1 0 0 1 1 1 0 1 1 1 1 0 1 0 1 1 
0 0 0 0 0 0 0 0 1 0 0 0 0 0 1 0 0 0 0 0 0 0 0 0 0 0 0 0 0 0 0 0 1 0 0 0 0 0 0 0 0 0 0 1 0 0 0 0 0 1 0 1 1 0 0 0 0 0 0 0 0 0 0 0 0 0 0 0 0 0 0 0 0 0 0 0 0 0 0 1 0 0 0 0 0 0 0 0 0 0 
0 0 0 0 0 0 0 0 0 0 0 0 0 0 0 0 0 0 0 0 0 0 0 0 0 0 0 0 0 0 0 0 0 0 0 0 0 0 0 0 0 0 0 0 0 0 0 0 0 0 0 0 0 0 0 0 0 0 0 0 0 0 0 0 0 0 0 0 0 0 0 0 0 0 0 0 0 0 0 0 0 0 0 0 0 0 0 0 0 0 
1 1 1 1 0 0 0 1 0 1 0 0 0 1 0 1 1 1 1 1 1 0 0 1 1 0 1 0 0 0 0 0 0 0 1 1 1 0 0 1 1 1 0 1 0 1 1 1 1 0 0 1 0 0 0 1 1 1 1 0 1 0 1 0 0 1 0 1 0 1 0 0 1 1 1 0 0 1 1 1 0 1 1 1 1 0 1 0 1 1 
1 1 1 1 0 0 0 1 1 1 0 0 0 1 1 1 0 1 1 1 1 0 0 1 1 0 1 1 0 0 0 0 1 0 1 1 1 0 0 1 1 1 0 1 0 1 1 1 1 1 0 1 1 0 0 1 1 1 1 0 0 0 0 0 0 1 0 1 0 1 0 0 1 1 1 0 0 1 1 1 0 1 1 1 1 0 1 0 1 1 
0 0 0 0 0 0 0 0 0 0 0 0 0 0 0 0 0 0 0 0 0 0 0 0 0 0 0 0 0 0 0 0 0 0 0 0 0 0 0 0 0 0 0 0 0 0 0 0 0 0 0 0 0 0 0 0 0 0 0 0 0 0 0 0 0 0 0 0 0 0 0 0 0 0 0 0 0 0 0 0 0 0 0 0 0 0 0 0 0 0 
0 0 0 0 0 0 0 0 1 0 0 0 0 0 1 0 0 0 0 0 0 0 0 0 0 0 0 0 0 0 0 0 0 0 0 0 0 0 0 0 0 0 0 1 0 0 0 0 0 1 0 1 1 0 0 0 0 0 0 0 0 0 0 0 0 0 0 0 0 0 0 0 0 0 0 0 0 0 0 1 0 0 0 0 0 0 0 0 0 0 
0 0 0 0 0 0 0 0 0 0 0 0 0 0 0 0 0 0 0 0 0 0 0 0 0 0 0 0 0 0 0 0 0 0 0 0 0 0 0 0 0 0 0 0 0 0 0 0 0 0 0 0 0 0 0 0 0 0 0 0 0 0 0 0 0 0 0 0 0 0 0 0 0 0 0 0 1 0 0 0 0 0 0 0 0 0 0 0 0 0 
1 1 1 1 0 0 0 1 0 1 0 0 0 1 0 1 0 1 1 1 1 0 0 1 1 0 1 0 0 0 0 0 0 0 0 1 1 0 0 1 1 1 0 1 0 1 1 1 1 0 0 1 0 0 0 1 1 1 1 0 0 0 0 0 0 1 0 1 0 1 0 0 1 1 1 0 0 1 1 1 0 1 1 1 1 0 1 0 1 1 
0 0 0 0 0 0 0 0 0 0 0 0 0 0 0 0 0 0 0 0 0 0 0 0 0 0 0 0 0 0 0 0 0 0 0 0 0 0 0 0 0 0 0 0 0 0 0 0 0 0 0 0 0 0 0 0 0 0 0 0 0 0 0 0 0 0 0 0 0 0 0 0 0 0 0 0 0 0 0 0 0 0 0 0 0 0 0 0 0 0 
1 1 1 1 0 0 0 1 0 1 0 0 0 1 0 1 0 1 1 1 1 0 0 1 1 0 1 0 0 0 0 0 0 0 1 1 0 0 0 1 1 1 0 1 0 1 1 1 1 0 0 1 0 0 0 1 1 1 1 0 0 0 0 0 0 1 0 1 0 1 0 0 1 1 1 0 0 1 1 1 0 1 1 1 1 0 1 0 1 1 
0 0 0 0 0 0 0 0 0 0 0 0 0 0 0 0 0 0 0 0 0 0 0 0 0 0 0 0 0 0 0 0 0 0 0 0 0 0 0 0 1 0 0 0 0 0 0 1 0 0 0 0 0 0 0 0 0 0 0 0 0 0 0 0 0 0 0 0 0 0 0 0 0 0 0 0 0 1 0 0 0 0 0 0 0 0 0 0 0 0 
1 1 1 1 0 0 0 1 0 1 0 0 0 1 0 1 0 1 1 1 1 0 0 1 1 0 1 0 0 0 0 0 0 0 1 1 1 0 0 1 1 1 0 1 0 1 1 1 1 0 0 1 0 0 0 1 1 1 1 0 0 0 0 0 0 1 0 1 0 1 0 0 1 1 1 0 0 1 1 1 0 1 1 1 1 0 1 0 1 1 
0 0 0 0 0 0 0 0 0 0 0 0 0 0 0 0 0 0 0 0 0 0 0 0 0 0 0 0 0 0 0 0 0 0 0 0 0 0 0 0 0 1 0 0 0 0 0 0 0 0 0 0 0 0 0 0 0 0 0 0 0 0 0 0 0 0 0 0 0 0 0 0 0 0 0 0 0 0 0 0 0 0 0 0 0 0 0 0 0 0 
0 0 0 0 0 0 0 0 0 0 0 0 0 0 0 0 0 0 0 0 0 0 0 0 0 0 0 0 0 0 0 0 0 0 0 0 0 0 0 0 0 0 0 0 0 0 0 1 0 0 0 0 0 0 0 0 0 0 0 0 0 0 0 0 0 0 0 0 0 0 0 0 0 0 0 0 0 1 0 0 0 0 0 0 0 0 0 0 0 0 
0 0 0 0 0 0 0 0 0 0 0 0 0 0 0 0 0 0 0 0 0 0 0 0 0 0 0 0 0 0 0 0 0 0 0 0 0 0 0 0 0 0 0 0 0 0 0 0 0 0 0 0 0 0 0 0 0 0 0 0 0 0 0 0 0 0 0 0 0 0 0 0 0 0 0 0 0 0 0 0 0 0 0 0 0 0 0 0 0 0 
1 1 1 1 0 0 0 1 0 1 0 0 0 1 0 1 0 1 1 1 1 0 0 1 1 0 1 0 0 0 0 0 0 0 1 1 1 0 0 1 1 1 0 1 0 1 1 1 1 0 0 1 0 0 0 1 1 1 1 0 0 0 0 0 0 1 0 1 0 1 0 0 1 1 1 0 0 1 1 1 0 1 1 1 1 0 1 0 1 1 
0 0 0 0 0 0 0 0 0 0 0 0 0 0 0 0 0 0 0 0 0 0 0 0 0 0 0 0 0 0 0 0 0 0 0 0 0 0 0 0 0 0 0 0 0 0 0 0 0 0 0 0 0 0 0 0 0 0 0 0 0 0 0 0 0 0 0 0 0 0 0 0 0 0 0 0 0 0 0 1 0 0 0 0 0 0 0 0 0 0 
1 1 1 1 0 0 0 1 0 1 0 0 0 1 0 1 0 1 1 1 1 0 0 1 1 0 1 0 0 0 0 0 0 0 1 1 1 0 0 1 1 1 0 1 0 1 1 1 1 0 0 1 0 0 0 1 1 1 1 0 0 0 0 0 0 1 0 1 0 1 0 0 1 1 1 0 0 1 1 1 0 1 1 1 1 0 1 0 1 1 
1 1 1 1 0 0 0 1 0 1 0 0 0 1 0 1 0 1 1 1 1 0 0 1 1 0 1 0 0 0 0 0 0 0 1 1 1 0 0 1 1 1 0 1 0 0 1 1 1 0 0 1 0 0 0 1 1 1 1 0 0 0 0 0 0 1 0 1 0 1 0 0 1 1 1 0 0 1 1 1 0 1 1 1 1 0 1 0 1 1 
1 1 1 1 0 0 0 1 0 1 0 0 0 1 0 1 0 1 1 1 1 0 0 1 1 0 1 0 0 0 0 0 0 0 1 1 1 0 0 1 1 1 0 1 0 1 0 1 1 0 0 1 0 0 0 1 1 1 1 0 0 0 0 0 0 1 0 1 0 1 0 0 1 1 1 0 0 1 1 1 0 1 1 1 1 0 1 0 1 1 
0 0 0 0 0 0 0 0 0 0 0 0 0 0 0 0 0 0 0 0 0 0 0 0 0 0 0 0 0 0 0 0 0 0 0 0 0 0 0 0 0 0 0 0 0 0 0 0 0 0 0 0 0 0 0 0 0 0 0 0 0 0 0 0 0 0 0 0 0 0 0 0 0 0 0 0 0 0 0 0 0 0 0 0 0 0 0 0 0 0 
1 1 1 1 0 0 0 1 0 1 0 0 0 1 0 1 0 1 1 1 1 0 0 1 1 0 1 0 0 0 0 0 0 0 1 1 1 0 0 1 1 1 0 1 0 1 1 1 0 0 0 1 0 0 0 1 1 1 1 0 0 0 0 0 0 1 0 1 0 1 0 0 1 1 1 0 0 1 1 1 0 1 1 1 1 0 1 0 1 1 
0 0 0 0 0 0 0 0 0 0 0 0 0 0 0 0 0 0 0 0 0 0 0 0 0 0 0 0 0 0 0 0 0 0 0 0 0 0 0 0 0 0 0 0 0 0 0 0 0 0 0 0 0 0 0 0 0 0 0 0 0 0 0 0 0 0 0 0 0 0 0 0 0 0 0 0 0 0 0 0 0 0 0 0 0 0 0 0 0 0 
0 1 0 0 0 0 0 0 0 0 0 0 0 0 0 0 0 0 0 0 0 0 0 0 0 0 0 0 0 0 0 0 0 0 0 0 0 0 0 0 0 0 0 0 0 0 0 0 0 0 0 0 0 0 0 0 0 0 1 0 0 0 0 0 0 0 0 1 0 0 0 0 0 0 0 0 0 0 0 0 0 0 0 0 1 0 0 0 0 0 
0 0 0 0 0 0 0 0 0 0 0 0 0 0 0 0 0 0 0 0 0 0 0 0 0 0 0 0 0 0 0 0 0 0 0 0 0 0 0 0 0 0 0 0 0 0 0 0 0 0 0 0 0 0 0 0 0 0 0 0 0 0 0 0 0 0 0 0 0 0 0 0 0 0 0 0 0 0 0 0 0 0 0 0 0 0 0 0 0 0 
0 0 0 0 0 0 0 0 1 0 0 0 0 0 1 0 0 0 0 0 0 0 0 0 0 0 0 0 0 0 0 0 1 0 0 0 0 0 0 0 0 0 0 1 0 0 0 0 0 1 0 1 0 0 0 0 0 0 0 0 0 0 0 0 0 0 0 0 0 0 0 0 0 0 0 0 0 0 0 1 0 0 0 0 0 0 0 0 0 0 
1 1 1 1 0 0 0 1 0 1 0 0 0 1 1 1 0 1 1 1 1 0 0 1 1 0 1 0 0 0 0 0 0 0 1 1 1 0 0 1 1 1 0 1 0 1 1 1 1 1 0 1 0 0 0 1 1 1 1 0 0 0 0 0 0 1 0 1 0 1 0 0 1 1 1 0 0 1 1 1 0 1 1 1 1 0 1 0 1 1 
0 0 0 0 0 0 0 0 0 0 0 0 0 0 0 0 0 0 0 0 0 1 0 0 0 0 0 0 0 0 0 0 0 0 0 0 0 0 0 0 0 0 0 0 0 0 0 0 0 0 0 0 0 0 0 0 0 0 0 0 0 0 0 0 0 0 1 1 0 0 1 0 0 0 0 0 0 0 0 1 0 0 0 0 1 0 0 0 0 0 
1 1 1 1 0 0 0 1 0 1 0 0 0 1 0 1 0 1 1 1 1 0 0 1 1 0 1 0 0 0 0 0 0 0 1 1 1 0 0 1 1 1 0 1 0 1 1 1 1 0 0 1 0 0 0 0 1 1 1 0 0 0 0 0 0 1 0 1 0 1 0 0 1 1 1 0 0 1 1 1 0 1 1 1 1 0 1 0 1 1 
1 1 1 1 0 0 0 1 0 1 0 0 0 1 0 1 0 1 1 1 1 0 0 1 1 0 1 0 0 0 0 0 0 0 1 1 1 0 0 1 1 1 0 1 0 1 1 1 1 0 0 1 0 0 0 1 0 1 1 0 0 0 0 0 0 1 0 1 0 1 0 0 1 1 1 0 0 1 1 1 0 1 1 1 1 0 1 0 1 1 
0 0 0 0 0 0 0 0 0 0 0 0 0 0 0 0 0 0 0 0 0 0 0 0 0 0 0 0 0 0 0 0 0 0 0 0 0 0 0 0 0 0 0 0 0 0 0 0 0 0 0 0 0 0 0 0 0 0 0 0 0 0 0 0 0 0 0 0 0 0 0 0 0 0 0 0 0 0 0 0 0 0 0 0 0 0 0 0 0 0 
0 1 0 0 0 0 0 0 0 0 0 0 0 0 0 0 0 0 0 0 0 0 0 0 0 0 0 0 0 0 0 0 0 0 0 0 0 0 0 0 0 0 0 0 0 0 0 0 0 0 0 0 0 0 0 0 0 0 0 0 0 0 0 0 0 0 0 1 0 0 0 0 0 0 0 0 0 0 0 0 0 0 0 0 1 0 0 0 0 0 
0 1 0 0 0 0 0 0 0 0 0 0 1 0 0 0 0 0 0 0 0 0 0 0 0 0 0 0 0 0 0 0 0 0 0 0 0 0 0 0 0 0 0 1 0 0 0 0 0 0 1 0 0 0 0 0 0 0 1 0 0 0 0 0 0 0 0 1 0 0 0 0 0 0 0 0 0 0 0 1 0 0 0 0 1 0 0 0 0 0 
0 0 0 0 0 0 0 0 0 0 0 0 0 0 0 0 0 0 0 0 0 0 0 0 0 0 0 0 0 0 0 0 0 0 0 0 0 0 0 0 0 0 0 0 0 0 0 0 0 0 0 0 0 0 0 0 0 0 0 0 0 0 0 0 0 0 0 0 0 0 0 0 0 0 0 0 0 0 0 0 0 0 0 0 0 0 0 0 0 0 
0 0 0 0 0 0 0 0 0 0 0 0 0 0 0 0 0 0 0 0 0 0 0 0 0 0 0 0 0 0 0 0 0 0 0 0 0 0 0 0 0 0 0 0 0 0 0 0 0 0 0 0 0 0 0 0 0 0 0 0 0 0 0 0 0 0 0 0 0 0 0 0 0 0 0 0 0 0 0 0 0 0 0 0 0 0 0 0 0 0 
0 0 0 0 0 0 0 0 0 0 0 0 0 0 0 0 0 0 0 0 0 0 0 0 0 0 0 0 0 0 0 0 0 0 0 0 0 0 0 0 0 0 0 0 0 0 0 0 0 0 0 0 0 0 0 0 0 0 0 0 0 0 0 0 0 0 0 0 0 0 0 0 0 0 0 0 0 0 0 0 0 0 0 0 0 0 0 0 0 0 
1 1 1 1 0 0 0 1 0 1 0 0 0 1 0 1 0 1 1 1 1 0 0 1 1 0 1 0 0 0 0 0 0 0 1 1 1 0 0 1 1 1 0 1 0 1 1 1 1 0 0 1 0 0 0 1 1 1 1 0 0 0 0 0 0 1 0 1 0 1 0 0 1 1 1 0 0 1 1 1 0 1 1 1 1 0 1 0 1 1 
0 0 0 0 0 0 0 0 0 0 0 0 0 0 0 0 0 0 0 0 0 0 0 0 0 0 0 0 0 0 0 0 0 0 0 0 0 0 0 0 0 0 0 0 0 0 0 0 0 0 0 0 0 0 0 0 0 0 0 0 0 0 1 0 0 0 0 0 0 0 0 0 0 0 0 0 0 0 0 0 0 0 0 0 0 0 0 0 0 0 
0 0 0 0 0 0 0 0 0 0 0 0 0 0 0 0 0 0 0 0 0 0 0 0 0 0 0 0 0 0 0 0 0 0 0 0 0 0 0 0 0 0 0 0 0 0 0 0 0 0 0 0 0 0 0 0 0 0 0 0 0 0 0 0 0 0 0 0 0 0 0 0 0 0 0 0 0 0 0 0 0 0 0 0 0 0 0 0 0 0 
0 0 0 0 0 0 0 0 0 0 0 0 0 0 0 0 0 0 0 0 0 0 0 0 0 0 0 0 0 0 0 0 0 0 0 0 0 0 0 0 0 0 0 0 0 0 0 0 0 0 0 0 0 0 0 0 0 0 0 0 0 0 0 0 0 0 0 0 0 0 0 0 0 0 0 0 0 0 0 0 0 0 0 0 0 0 0 0 0 0 
0 0 0 0 0 0 0 0 0 0 0 0 0 0 0 0 0 0 0 0 0 0 0 0 0 0 0 0 0 0 0 0 0 0 0 0 0 0 0 0 0 0 0 0 0 0 0 0 0 0 0 0 0 0 0 0 0 0 0 0 0 0 0 0 0 0 0 0 0 0 0 0 0 0 0 0 0 0 0 0 0 0 0 0 1 0 0 0 0 0 
0 0 0 0 0 0 0 0 0 0 0 0 0 0 0 0 0 0 0 0 0 0 0 0 0 0 0 0 0 0 0 0 0 0 0 0 0 0 0 0 0 0 0 0 0 0 0 0 0 0 0 0 0 0 0 0 0 0 0 0 0 0 0 0 0 0 0 0 0 0 0 0 0 0 0 0 0 0 0 0 0 0 0 0 0 0 0 0 0 0 
1 1 1 1 0 0 0 1 0 1 0 0 0 1 0 1 0 1 1 1 1 0 0 1 1 0 1 0 0 0 0 0 0 0 1 1 1 0 0 1 1 1 0 1 0 1 1 1 1 0 0 1 0 0 0 1 1 1 1 0 0 0 0 0 0 1 0 1 0 0 0 0 1 1 1 0 0 1 1 1 0 1 1 1 1 0 1 0 1 1 
0 0 0 0 0 0 0 0 0 0 0 0 0 0 0 0 0 0 0 0 0 0 0 0 0 0 0 0 0 0 0 0 0 0 0 0 0 0 0 0 0 0 0 0 0 0 0 0 0 0 0 0 0 0 0 0 0 0 0 0 0 0 0 0 0 0 1 0 0 0 0 0 0 0 0 0 0 0 0 0 0 0 0 0 0 0 0 0 0 0 
1 1 1 1 0 0 0 1 0 1 0 0 0 1 0 1 0 1 1 1 1 0 0 1 1 0 1 0 0 0 0 0 0 0 1 1 1 0 0 1 1 1 0 1 0 1 1 1 1 0 0 1 0 0 0 1 1 1 1 0 0 0 0 0 0 1 0 1 0 1 0 0 1 1 1 0 0 1 1 1 0 1 1 1 1 0 1 0 1 1 
0 0 0 0 0 0 0 0 0 0 0 0 0 0 0 0 0 0 0 0 0 0 0 0 0 0 0 0 0 0 0 0 0 0 0 0 0 0 0 1 0 1 0 0 0 0 0 0 0 0 0 0 0 0 0 0 0 0 0 0 0 0 0 0 0 0 0 0 0 0 0 0 0 0 0 0 0 0 0 0 0 0 0 0 1 0 1 0 0 0 
1 1 1 1 0 0 0 1 0 1 0 0 0 1 0 1 0 1 1 1 1 0 0 1 1 0 1 0 0 0 0 0 0 0 1 1 1 0 0 1 1 1 0 1 0 1 1 1 1 0 0 1 0 0 0 1 1 1 1 0 0 0 0 0 0 1 0 1 0 1 0 0 1 0 1 0 0 1 1 1 0 1 1 1 1 0 1 0 1 1 
0 0 0 0 0 0 0 0 0 0 0 0 0 0 0 0 0 0 0 0 0 0 0 0 0 0 0 0 0 0 0 0 0 0 0 0 0 0 0 0 0 0 0 0 0 0 0 0 0 0 0 0 0 0 0 0 0 0 0 0 0 0 0 0 0 0 0 0 0 0 0 0 0 0 0 0 0 0 0 0 0 0 0 0 0 0 0 0 0 0 
1 1 1 1 0 0 0 1 0 1 0 0 0 1 0 1 0 1 1 1 1 0 0 1 1 0 1 0 0 0 0 0 0 0 1 1 1 0 0 1 1 1 0 1 0 1 1 1 1 0 0 1 0 0 0 1 1 1 1 0 0 0 0 0 0 1 0 1 0 1 0 0 1 1 1 0 0 1 1 1 0 1 1 1 1 0 1 0 1 1 
0 0 0 0 0 0 0 0 0 0 0 0 0 0 0 0 0 0 0 0 0 0 0 0 0 0 0 0 0 0 0 0 0 0 0 0 0 0 0 0 0 0 0 0 0 0 0 0 0 0 0 0 0 0 0 0 0 0 0 0 0 0 0 0 0 0 0 0 0 0 0 0 0 0 0 0 0 0 0 0 0 0 0 0 0 0 0 0 0 0 
0 0 0 0 0 0 0 0 0 0 0 0 0 0 0 0 0 0 0 0 0 0 0 0 0 0 0 0 0 0 0 0 0 0 0 0 0 0 0 0 0 0 0 0 0 0 0 0 0 0 0 0 0 0 0 0 0 0 0 0 0 0 0 0 0 0 0 0 0 0 0 0 0 0 0 0 0 0 0 0 0 0 0 0 0 0 0 0 0 0 
1 1 1 1 0 0 0 1 0 1 0 0 0 1 0 1 0 1 1 1 1 0 0 1 1 0 1 0 0 0 0 0 0 0 1 1 1 0 0 1 1 1 0 1 0 1 1 1 1 0 0 1 0 0 0 1 1 1 1 0 0 0 0 0 0 1 0 1 0 1 0 0 1 1 1 0 0 1 0 1 0 1 1 1 1 0 1 0 1 1 
0 0 0 0 0 0 0 0 0 0 0 0 0 0 0 0 0 0 0 0 0 0 0 0 0 0 0 0 0 0 0 0 0 0 0 0 0 0 0 0 0 0 0 0 0 0 0 0 0 0 0 0 0 0 0 0 0 0 0 0 0 0 0 0 0 0 0 0 0 0 0 0 0 0 0 0 0 0 0 0 0 0 0 0 0 0 0 0 0 0 
1 1 1 1 0 0 0 1 0 1 0 0 0 1 0 1 0 1 1 1 1 0 0 1 1 0 1 0 0 0 0 0 0 0 1 1 1 0 0 1 1 1 0 1 0 1 1 1 1 0 0 1 0 0 0 1 1 1 1 0 0 0 0 0 0 1 0 1 0 1 0 0 1 1 1 0 0 1 1 1 0 1 1 1 1 0 1 0 1 1 
1 1 1 1 0 0 0 1 0 1 0 0 0 1 0 1 0 1 1 1 1 0 0 1 1 0 1 0 0 0 0 0 0 0 1 1 1 0 0 1 1 1 0 1 0 1 1 1 1 0 0 1 0 0 0 1 1 1 1 0 0 0 0 0 0 1 0 1 0 1 0 0 1 1 1 0 0 1 1 1 0 0 1 1 1 0 1 0 1 1 
1 1 1 1 0 0 0 1 0 1 0 0 0 1 0 1 0 1 1 1 1 0 0 1 1 0 1 0 0 0 0 0 0 0 1 1 1 0 0 1 1 1 0 1 0 1 1 1 1 0 0 1 0 0 0 1 1 1 1 0 0 0 0 0 0 1 0 1 0 1 0 0 1 1 1 0 0 1 1 1 0 1 0 1 1 0 1 0 1 1 
1 1 1 1 0 0 0 1 0 1 0 0 0 1 0 1 0 1 1 1 1 0 0 1 1 0 1 0 0 0 0 0 0 0 1 1 1 0 0 1 1 1 0 1 0 1 1 1 1 0 0 1 0 0 0 1 1 1 1 0 0 0 0 0 0 1 0 1 0 1 0 0 1 1 1 0 0 1 1 1 0 1 1 0 1 0 1 0 1 1 
0 0 0 0 0 0 0 0 0 0 0 0 0 0 0 0 0 0 0 0 0 0 0 0 0 0 0 0 0 0 0 0 0 0 0 0 0 0 0 0 0 0 0 0 0 0 0 0 0 0 0 0 0 0 0 0 0 0 0 0 0 0 0 0 0 0 0 0 0 0 0 0 0 0 0 0 0 0 0 0 0 0 0 0 0 0 0 0 0 0 
0 0 0 0 0 0 0 0 0 0 0 0 0 0 0 0 0 0 0 0 0 0 0 0 0 0 0 0 0 0 0 0 0 0 0 0 0 0 0 0 0 0 0 0 0 0 0 0 0 0 0 0 0 0 0 0 0 0 0 0 0 0 0 0 0 0 1 0 0 0 0 0 0 0 0 0 0 0 0 0 0 0 0 0 0 0 0 0 0 0 
0 0 0 0 0 0 0 0 0 0 0 0 0 0 0 0 0 0 0 0 0 0 0 0 0 0 0 0 0 0 0 0 0 0 0 0 0 0 0 1 0 1 0 0 0 0 0 0 0 0 0 0 0 0 0 0 0 0 0 0 0 0 0 0 0 0 0 0 0 0 0 0 0 0 0 0 0 0 0 0 0 0 0 0 0 0 0 0 0 0 
0 0 0 0 0 0 0 0 0 0 0 0 0 0 0 0 0 0 0 0 0 0 0 0 0 0 0 0 0 0 0 0 0 0 0 0 0 0 0 0 0 0 0 0 0 0 0 0 0 0 0 0 0 0 0 0 0 0 0 0 0 0 0 0 0 0 0 0 0 0 0 0 0 0 0 0 0 0 0 0 0 0 0 0 0 0 0 0 0 0 
1 1 1 1 0 0 0 1 0 1 0 0 0 1 0 1 0 1 1 1 1 0 0 1 1 0 1 0 0 0 0 0 0 0 1 1 1 0 0 1 1 1 0 1 0 1 1 1 1 0 0 1 0 0 0 1 1 1 1 0 0 0 0 0 0 1 0 1 0 1 0 0 1 1 1 0 0 1 1 1 0 1 1 1 1 0 1 0 0 1 
1 1 1 1 0 0 0 1 0 1 0 0 0 1 0 1 0 1 1 1 1 0 0 1 1 0 1 0 0 0 0 0 0 0 1 1 1 0 0 1 1 1 0 1 0 1 1 1 1 0 0 1 0 0 0 1 1 1 1 0 0 0 0 0 0 1 0 1 0 1 0 0 1 1 1 0 0 1 1 1 0 1 1 1 1 0 1 0 1 0 
