# Number of items
120
# Stacking height
5
# Number of stacks
90
# Item name and Appearance
# (0 for I^{fix}, 1 for I^1, 2 for I^2)
   001     0
   002     0
   003     0
   004     0
   005     0
   006     0
   007     0
   008     0
   009     0
   010     0
   011     0
   012     0
   013     0
   014     0
   015     0
   016     0
   017     0
   018     0
   019     0
   020     0
   021     0
   022     0
   023     0
   024     0
   025     0
   026     0
   027     0
   028     0
   029     0
   030     0
   031     0
   032     0
   033     0
   034     0
   035     0
   036     0
   037     0
   038     0
   039     0
   040     0
   041     0
   042     0
   043     0
   044     0
   045     0
   046     0
   047     0
   048     0
   049     1
   050     1
   051     1
   052     1
   053     1
   054     1
   055     1
   056     1
   057     1
   058     1
   059     1
   060     1
   061     1
   062     1
   063     1
   064     1
   065     1
   066     1
   067     1
   068     1
   069     1
   070     1
   071     1
   072     1
   073     1
   074     1
   075     1
   076     1
   077     1
   078     1
   079     1
   080     1
   081     2
   082     2
   083     2
   084     2
   085     2
   086     2
   087     2
   088     2
   089     2
   090     2
   091     2
   092     2
   093     2
   094     2
   095     2
   096     2
   097     2
   098     2
   099     2
   100     2
   101     2
   102     2
   103     2
   104     2
   105     2
   106     2
   107     2
   108     2
   109     2
   110     2
   111     2
   112     2
   113     2
   114     2
   115     2
   116     2
   117     2
   118     2
   119     2
   120     2
# Positions of Ifix-items in the format (itemName, stack, level)
   001    12     2
   002    13     2
   003    22     1
   004    17     1
   005     8     1
   006     1     1
   007     5     1
   008    24     1
   009    21     1
   010     2     3
   011    18     1
   012    19     1
   013    20     1
   014    14     2
   015     5     2
   016     3     1
   017     3     3
   018    11     2
   019     7     2
   020    12     1
   021     4     2
   022     2     2
   023     8     2
   024    10     2
   025    10     1
   026    14     1
   027     1     3
   028    16     2
   029     7     1
   030     9     2
   031     5     3
   032     4     1
   033     4     3
   034     6     2
   035    23     1
   036    13     1
   037     7     3
   038     9     1
   039     6     1
   040    11     1
   041     2     1
   042    16     1
   043    15     2
   044     3     2
   045    15     1
   046     1     2
   047     8     3
   048     6     3
# Stacking matrix
# Info: number of 1-entries = 6457, density = 0.45
0 0 1 0 1 1 1 1 1 1 0 0 1 0 1 1 1 0 1 1 1 1 1 1 1 0 1 0 1 1 0 1 0 0 1 1 1 1 0 0 1 1 1 1 1 1 0 0 0 1 1 1 1 1 1 1 0 1 0 1 1 1 1 1 1 0 1 0 0 0 0 0 1 1 0 1 0 0 1 1 1 0 1 1 1 0 1 1 0 0 1 0 1 1 0 1 1 0 1 0 1 0 1 1 1 1 1 1 0 1 1 1 0 0 0 1 1 0 0 0 
1 0 1 0 1 1 1 1 1 1 0 0 1 0 1 1 1 0 1 1 1 1 1 1 1 0 1 1 1 1 0 1 0 0 1 1 1 1 0 0 1 1 1 1 1 1 0 0 0 1 1 1 1 1 1 1 0 1 0 1 1 1 1 1 1 0 1 0 0 0 0 0 1 1 0 1 0 0 1 1 1 0 1 1 1 0 1 1 0 0 1 0 1 1 0 1 1 0 1 0 1 0 1 1 1 1 1 1 0 1 1 1 0 0 0 1 1 0 0 0 
1 0 0 0 1 1 1 1 1 1 0 0 1 0 1 1 1 0 1 1 1 1 1 1 1 0 1 0 1 1 0 1 0 0 1 1 1 1 0 0 1 1 1 1 1 1 0 0 0 1 1 1 1 1 1 1 0 1 0 1 1 1 1 1 1 0 1 0 0 0 0 0 1 1 0 1 0 0 1 1 1 0 1 1 1 0 1 1 0 0 1 0 1 1 0 1 1 0 1 0 1 0 1 1 1 1 1 1 0 1 1 1 0 0 0 1 1 0 0 0 
1 0 1 0 1 1 1 1 1 1 0 0 1 0 1 1 1 0 1 1 1 1 1 1 1 0 1 0 1 1 0 1 0 0 1 1 1 1 0 0 1 1 1 1 1 1 0 0 0 1 1 1 1 1 1 1 0 1 0 1 1 1 1 1 1 0 1 0 0 0 0 0 1 1 0 1 0 0 1 1 1 0 1 1 1 0 1 1 0 0 1 0 1 1 0 1 1 0 1 0 1 0 1 1 1 1 1 1 0 1 1 1 0 0 0 1 1 0 0 0 
0 0 0 0 0 0 0 0 0 0 0 0 0 0 0 0 0 0 0 0 0 0 0 0 0 0 0 0 0 0 0 0 0 0 0 0 0 0 0 0 0 0 0 0 0 0 0 0 0 0 0 0 0 0 0 0 0 0 0 0 0 0 0 0 0 0 0 0 0 0 0 0 0 0 0 0 0 0 0 0 0 0 0 0 0 0 0 0 0 0 0 0 0 0 0 0 0 0 0 0 0 0 0 0 0 0 0 0 0 0 1 1 0 0 0 0 0 0 0 0 
1 0 1 0 1 0 1 1 1 1 0 0 1 0 1 1 1 0 1 1 1 1 1 1 1 0 1 0 1 1 0 1 0 0 1 1 1 1 0 0 1 1 1 1 1 1 0 0 0 1 1 1 1 1 1 1 0 1 0 1 1 1 1 1 1 0 1 0 0 0 0 0 1 1 0 1 0 0 1 1 1 0 1 1 1 0 1 1 0 0 1 0 1 1 0 1 1 0 1 0 1 0 1 1 1 1 1 1 0 1 1 1 0 0 0 1 1 0 0 0 
1 0 1 0 1 1 0 1 1 1 0 0 1 0 1 1 1 0 1 1 1 1 1 1 1 0 1 0 1 1 0 1 0 0 1 1 1 1 0 0 1 1 1 1 1 1 0 0 0 1 1 1 1 1 1 1 0 1 0 1 1 1 1 1 1 0 1 0 0 0 0 0 1 1 0 1 0 0 1 1 1 0 1 1 1 0 1 1 0 0 1 0 1 1 0 1 1 0 1 0 1 0 1 1 1 1 1 1 0 1 1 1 0 0 0 1 1 0 0 0 
0 0 0 0 0 0 0 0 0 0 0 0 0 0 0 0 0 0 0 0 0 0 0 0 0 0 0 0 0 0 0 0 0 0 0 0 0 0 0 0 0 0 0 0 0 0 0 0 0 0 0 0 0 0 0 0 0 0 0 0 0 0 0 0 0 0 0 0 0 0 0 0 0 0 0 0 0 0 0 0 0 0 0 0 0 0 0 0 0 0 0 0 0 0 0 0 0 0 0 0 0 0 0 0 0 0 0 0 0 0 0 0 0 0 0 0 0 0 0 0 
1 0 1 0 1 1 1 1 0 1 0 0 1 0 1 1 1 0 1 1 1 1 1 1 1 0 1 0 1 1 0 1 0 0 1 1 1 1 0 0 1 1 1 1 1 1 0 0 0 1 1 1 1 1 1 1 0 1 0 1 1 1 1 1 1 0 1 0 0 0 0 0 1 1 0 1 0 0 1 1 1 0 1 1 1 0 1 1 0 0 1 0 1 1 0 1 1 0 1 0 1 0 1 1 1 1 1 1 0 1 1 1 0 0 0 1 1 0 0 0 
1 0 1 0 1 1 1 1 1 0 0 0 1 0 1 1 1 0 1 1 1 1 1 1 1 0 1 0 1 1 0 1 0 0 1 1 1 1 0 0 1 1 1 1 1 1 0 0 0 1 1 1 1 1 1 1 0 1 0 1 1 1 1 1 1 0 1 0 0 0 0 0 1 1 0 1 0 0 1 1 1 0 1 1 1 0 1 1 0 0 1 0 1 1 0 1 1 0 1 0 1 0 1 1 1 1 1 1 0 1 1 1 0 0 0 1 1 0 0 0 
1 0 1 0 1 1 1 1 1 1 0 0 1 0 1 1 1 0 1 1 1 1 1 1 1 0 1 0 1 1 0 1 0 0 1 1 1 1 0 0 1 1 1 1 1 1 0 0 0 1 1 1 1 1 1 1 0 1 1 1 1 1 1 1 1 0 1 0 0 0 0 0 1 1 0 1 0 0 1 1 1 0 1 1 1 0 1 1 0 0 1 0 1 1 0 1 1 1 1 0 1 0 1 1 1 1 1 1 0 1 1 1 0 0 0 1 1 0 0 0 
1 0 1 0 1 1 1 1 1 1 0 0 1 0 1 1 1 0 1 1 1 1 1 1 1 0 1 0 1 1 0 1 0 0 1 1 1 1 0 0 1 1 1 1 1 1 0 0 0 1 1 1 1 1 1 1 0 1 0 1 1 1 1 1 1 0 1 0 0 0 0 0 1 1 0 1 0 0 1 1 1 0 1 1 1 0 1 1 0 0 1 0 1 1 0 1 1 0 1 0 1 0 1 1 1 1 1 1 0 1 1 1 0 0 0 1 1 0 0 0 
1 0 1 0 1 1 1 1 1 1 0 0 0 0 1 1 1 0 1 1 1 1 1 1 1 0 1 0 1 1 0 1 0 0 1 1 1 1 0 0 1 1 1 1 1 1 0 0 0 1 1 1 1 1 1 1 0 1 0 1 1 1 1 1 1 0 1 0 0 0 0 0 1 1 0 1 0 0 1 1 1 0 1 1 1 0 1 1 0 0 1 0 1 1 0 1 1 0 1 0 1 0 1 1 1 1 1 1 0 1 1 1 0 0 0 1 1 0 0 0 
1 0 1 0 1 1 1 1 1 1 0 1 1 0 1 1 1 0 1 1 1 1 1 1 1 1 1 0 1 1 1 1 0 0 1 1 1 1 1 0 1 1 1 1 1 1 0 0 0 1 1 1 1 1 1 1 0 1 0 1 1 1 1 1 1 0 1 0 0 0 0 1 1 1 0 1 0 0 1 1 1 0 1 1 1 0 1 1 1 0 1 0 1 1 0 1 1 0 1 0 1 1 1 1 1 1 1 1 1 1 1 1 0 1 0 1 1 0 0 0 
1 0 1 0 1 1 1 1 1 1 0 0 1 0 0 1 1 0 1 1 1 1 1 1 1 0 1 0 1 1 0 1 0 0 1 1 1 1 0 0 1 1 1 1 1 1 0 0 0 1 1 1 1 1 1 1 0 1 0 1 1 1 1 1 1 0 1 0 0 0 0 0 1 1 0 1 0 0 1 1 1 0 1 1 1 0 1 1 0 0 1 0 1 1 0 1 1 0 1 0 1 0 1 1 1 1 1 1 0 1 1 1 0 0 0 1 1 0 0 0 
1 0 1 0 1 1 1 1 1 1 0 0 1 0 1 0 1 0 1 1 1 1 1 1 1 0 1 0 1 1 0 1 0 0 1 1 1 1 0 0 1 1 1 1 1 1 0 0 0 1 1 1 1 1 1 1 0 1 0 1 1 1 1 1 1 0 1 0 0 0 0 0 1 1 0 1 0 0 1 1 1 0 1 1 1 0 1 1 0 0 1 0 1 1 0 1 1 0 1 0 1 0 1 1 1 1 1 1 0 1 1 1 0 0 0 1 1 0 0 0 
1 0 1 0 1 1 1 1 1 1 0 0 1 0 1 1 0 0 1 1 1 1 1 1 1 0 1 0 1 1 0 1 0 0 1 1 1 1 0 0 1 1 1 1 1 1 0 0 0 1 1 1 1 1 1 1 0 1 0 1 1 1 1 1 1 0 1 0 0 0 0 0 1 1 0 1 0 0 1 1 1 0 1 1 1 0 1 1 0 0 1 0 1 1 0 1 1 0 1 0 1 0 1 1 1 1 1 1 0 1 1 1 0 0 0 1 1 0 0 0 
1 0 1 0 1 1 1 1 1 1 0 0 1 0 1 1 1 0 1 1 1 1 1 1 1 0 1 1 1 1 0 1 0 0 1 1 1 1 0 1 1 1 1 1 1 1 0 0 0 1 1 1 1 1 1 1 0 1 0 1 1 1 1 1 1 0 1 0 0 0 0 0 1 1 0 1 0 0 1 1 1 0 1 1 1 0 1 1 0 0 1 1 1 1 0 1 1 0 1 0 1 0 1 1 1 1 1 1 0 1 1 1 0 0 1 1 1 0 0 0 
1 0 1 0 1 1 1 1 1 1 0 0 1 0 1 1 1 0 0 1 1 1 1 1 1 0 1 0 1 1 0 1 0 0 1 1 1 1 0 0 1 1 1 1 1 1 0 0 0 1 1 1 1 1 1 1 0 1 0 1 1 1 1 1 1 0 1 0 0 0 0 0 1 1 0 1 0 0 1 1 1 0 1 1 1 0 1 1 0 0 1 0 1 1 0 1 1 0 1 0 1 0 1 1 1 1 1 1 0 1 1 1 0 0 0 1 1 0 0 0 
1 0 1 0 1 1 1 1 1 1 0 0 1 0 1 1 1 0 1 0 1 1 1 1 1 0 1 0 1 1 0 1 0 0 1 1 1 1 0 0 1 1 1 1 1 1 0 0 0 1 1 1 1 1 1 1 0 1 0 1 1 1 1 1 1 0 1 0 0 0 0 0 1 1 0 1 0 0 1 1 1 0 1 1 1 0 1 1 0 0 1 0 1 1 0 1 1 0 1 0 1 0 1 1 1 1 1 1 0 1 1 1 0 0 0 1 1 0 0 0 
1 0 1 0 1 1 1 1 1 1 0 0 1 0 1 1 1 0 1 1 0 1 1 1 1 0 1 0 1 1 0 1 0 0 1 1 1 1 0 0 1 1 1 1 1 1 0 0 0 1 1 1 1 1 1 1 0 1 0 1 1 1 1 1 1 0 1 0 0 0 0 0 1 1 0 1 0 0 1 1 1 0 1 1 1 0 1 1 0 0 1 0 1 1 0 1 1 0 1 0 1 0 1 1 1 1 1 1 0 1 1 1 0 0 0 1 1 0 0 0 
1 0 1 0 1 1 1 1 1 1 0 0 1 0 1 1 1 0 1 1 1 0 1 1 1 0 1 0 1 1 0 1 0 0 1 1 1 1 0 0 1 1 1 1 1 1 0 0 0 1 1 1 1 1 1 1 0 1 0 1 1 1 1 1 1 0 1 0 0 0 0 0 1 1 0 1 0 0 1 1 1 0 1 1 1 0 1 1 0 0 1 0 1 1 0 1 1 0 1 0 1 0 1 1 1 1 1 1 0 1 1 1 0 0 0 1 1 0 0 0 
0 0 0 0 1 0 0 0 0 0 0 0 0 0 0 0 0 0 0 0 0 0 0 0 0 0 0 0 0 0 0 0 0 0 0 0 0 0 0 0 0 0 0 0 0 0 0 0 0 1 0 0 0 0 0 0 0 0 0 0 0 0 0 0 0 0 0 0 0 0 0 0 0 0 0 0 0 0 0 0 0 0 0 0 0 0 0 0 0 0 0 0 0 0 0 1 0 0 0 0 0 0 0 0 0 0 0 0 0 0 1 1 0 0 0 0 0 0 0 0 
1 0 1 0 1 1 1 1 1 1 0 0 1 0 1 1 1 0 1 1 1 1 1 0 1 0 1 0 1 1 0 1 0 0 1 1 1 1 0 0 1 1 1 1 1 1 0 0 0 1 1 1 1 1 1 1 0 1 0 1 1 1 1 1 1 0 1 0 0 0 0 0 1 1 0 1 0 0 1 1 1 0 1 1 1 0 1 1 0 0 1 0 1 1 0 1 1 0 1 0 1 0 1 1 1 1 1 1 0 1 1 1 0 0 0 1 1 0 0 0 
1 0 1 0 1 1 1 1 1 1 0 0 1 0 1 1 1 0 1 1 1 1 1 1 0 0 1 0 1 1 0 1 0 0 1 1 1 1 0 0 1 1 1 1 1 1 0 0 0 1 1 1 1 1 1 1 0 1 0 1 1 1 1 1 1 0 1 0 0 0 0 0 1 1 0 1 0 0 1 1 1 0 1 1 1 0 1 1 0 0 1 0 1 1 0 1 1 0 1 0 1 0 1 1 1 1 1 1 0 1 1 1 0 0 0 1 1 0 0 0 
1 0 1 0 1 1 1 1 1 1 0 1 1 0 1 1 1 0 1 1 1 1 1 1 1 0 1 0 1 1 1 1 0 0 1 1 1 1 1 0 1 1 1 1 1 1 0 0 0 1 1 1 1 1 1 1 0 1 0 1 1 1 1 1 1 0 1 0 0 0 0 1 1 1 0 1 0 0 1 1 1 0 1 1 1 0 1 1 1 0 1 0 1 1 0 1 1 0 1 0 1 1 1 1 1 1 1 1 1 1 1 1 0 1 0 1 1 0 0 0 
1 0 1 0 1 1 1 1 1 1 0 0 1 0 1 1 1 0 1 1 1 1 1 1 1 0 0 0 1 1 0 1 0 0 1 1 1 1 0 0 1 1 1 1 1 1 0 0 0 1 1 1 1 1 1 1 0 1 0 1 1 1 1 1 1 0 1 0 0 0 0 0 1 1 0 1 0 0 1 1 1 0 1 1 1 0 1 1 0 0 1 0 1 1 0 1 1 0 1 0 1 0 1 1 1 1 1 1 0 1 1 1 0 0 0 1 1 0 0 0 
0 0 0 0 0 0 0 0 0 0 0 0 0 0 0 0 0 0 0 0 0 0 0 0 0 0 0 0 0 0 0 0 0 0 0 0 0 0 0 0 0 1 0 0 0 0 0 0 0 0 0 0 0 0 0 0 0 0 0 0 0 0 0 0 0 0 0 0 0 0 0 0 0 0 0 0 0 0 0 0 0 0 0 0 1 0 0 0 0 0 0 0 0 0 0 0 0 0 0 0 0 0 0 0 0 0 0 0 0 0 0 0 0 0 0 0 0 0 0 0 
0 0 0 0 0 0 0 0 0 0 0 0 0 0 0 0 0 0 0 0 0 0 0 0 0 0 0 0 0 0 0 0 0 0 0 0 0 0 0 0 0 0 0 0 0 0 0 0 0 0 0 0 0 0 0 0 0 0 0 0 0 0 0 0 0 0 0 0 0 0 0 0 0 0 0 0 0 0 0 0 0 0 0 0 0 0 0 0 0 0 0 0 0 0 0 0 0 0 0 0 0 0 0 0 0 0 0 0 0 0 0 0 0 0 0 0 0 0 0 0 
1 0 1 0 1 1 1 1 1 1 0 0 1 0 1 1 1 0 1 1 1 1 1 1 1 0 1 0 1 0 0 1 0 0 1 1 1 1 0 0 1 1 1 1 1 1 0 0 0 1 1 1 1 1 1 1 0 1 0 1 1 1 1 1 1 0 1 0 0 0 0 0 1 1 0 1 0 0 1 1 1 0 1 1 1 0 1 1 0 0 1 0 1 1 0 1 1 0 1 0 1 0 1 1 1 1 1 1 0 1 1 1 0 0 0 1 1 0 0 0 
1 0 1 0 1 1 1 1 1 1 0 1 1 0 1 1 1 0 1 1 1 1 1 1 1 0 1 0 1 1 0 1 0 0 1 1 1 1 0 0 1 1 1 1 1 1 0 0 0 1 1 1 1 1 1 1 0 1 0 1 1 1 1 1 1 0 1 0 0 0 0 1 1 1 0 1 0 0 1 1 1 0 1 1 1 0 1 1 1 0 1 0 1 1 0 1 1 0 1 0 1 1 1 1 1 1 1 1 1 1 1 1 0 1 0 1 1 0 0 0 
0 0 0 0 0 0 0 0 0 0 0 0 0 0 0 0 0 0 0 0 0 0 0 0 0 0 0 0 0 0 0 0 0 0 0 0 0 0 0 0 0 0 0 0 0 0 0 0 0 0 0 0 0 0 0 0 0 0 0 0 0 0 0 0 0 0 0 0 0 0 0 0 0 0 0 0 0 0 0 0 0 0 0 0 0 0 0 0 0 0 0 0 0 0 0 0 0 0 0 0 0 0 0 0 0 0 0 0 0 0 0 0 0 0 0 0 0 0 0 0 
1 0 1 0 1 1 1 1 1 1 0 0 1 0 1 1 1 0 1 1 1 1 1 1 1 0 1 0 1 1 0 1 0 0 1 1 1 1 0 0 1 1 1 1 1 1 0 0 0 1 1 1 1 1 1 1 0 1 0 1 1 1 1 1 1 0 1 0 0 0 0 0 1 1 0 1 0 0 1 1 1 0 1 1 1 0 1 1 0 0 1 0 1 1 0 1 1 0 1 0 1 0 1 1 1 1 1 1 0 1 1 1 0 0 0 1 1 0 0 0 
1 0 1 0 1 1 1 1 1 1 0 1 1 0 1 1 1 0 1 1 1 1 1 1 1 0 1 0 1 1 1 1 0 0 1 1 1 1 1 0 1 1 1 1 1 1 0 0 0 1 1 1 1 1 1 1 0 1 0 1 1 1 1 1 1 0 1 0 0 0 0 1 1 1 0 1 0 0 1 1 1 0 1 1 1 0 1 1 1 0 1 0 1 1 0 1 1 0 1 0 1 1 1 1 1 1 1 1 1 1 1 1 0 1 0 1 1 0 0 0 
1 0 1 0 1 1 1 1 1 1 0 0 1 0 1 1 1 0 1 1 1 1 1 1 1 0 1 0 1 1 0 1 0 0 0 1 1 1 0 0 1 1 1 1 1 1 0 0 0 1 1 1 1 1 1 1 0 1 0 1 1 1 1 1 1 0 1 0 0 0 0 0 1 1 0 1 0 0 1 1 1 0 1 1 1 0 1 1 0 0 1 0 1 1 0 1 1 0 1 0 1 0 1 1 1 1 1 1 0 1 1 1 0 0 0 1 1 0 0 0 
1 0 1 0 1 1 1 1 1 1 0 0 1 0 1 1 1 0 1 1 1 1 1 1 1 0 1 0 1 1 0 1 0 0 1 0 1 1 0 0 1 1 1 1 1 1 0 0 0 1 1 1 1 1 1 1 0 1 0 1 1 1 1 1 1 0 1 0 0 0 0 0 1 1 0 1 0 0 1 1 1 0 1 1 1 0 1 1 0 0 1 0 1 1 0 1 1 0 1 0 1 0 1 1 1 1 1 1 0 1 1 1 0 0 0 1 1 0 0 0 
1 0 1 0 1 1 1 1 1 1 0 0 1 0 1 1 1 0 1 1 1 1 1 1 1 0 1 0 1 1 0 1 0 0 1 1 0 1 0 0 1 1 1 1 1 1 0 0 0 1 1 1 1 1 1 1 0 1 0 1 1 1 1 1 1 0 1 0 0 0 0 0 1 1 0 1 0 0 1 1 1 0 1 1 1 0 1 1 0 0 1 0 1 1 0 1 1 0 1 0 1 0 1 1 1 1 1 1 0 1 1 1 0 0 0 1 1 0 0 0 
1 0 1 0 1 1 1 1 1 1 0 0 1 0 1 1 1 0 1 1 1 1 1 1 1 0 1 0 1 1 0 1 0 0 1 1 1 0 0 0 1 1 1 1 1 1 0 0 0 1 1 1 1 1 1 1 0 1 0 1 1 1 1 1 1 0 1 0 0 0 0 0 1 1 0 1 0 0 1 1 1 0 1 1 1 0 1 1 0 0 1 0 1 1 0 1 1 0 1 0 1 0 1 1 1 1 1 1 0 1 1 1 0 0 0 1 1 0 0 0 
1 0 1 0 1 1 1 1 1 1 0 1 1 0 1 1 1 0 1 1 1 1 1 1 1 0 1 0 1 1 1 1 0 0 1 1 1 1 0 0 1 1 1 1 1 1 0 0 0 1 1 1 1 1 1 1 0 1 0 1 1 1 1 1 1 0 1 0 0 0 0 1 1 1 0 1 0 0 1 1 1 0 1 1 1 0 1 1 1 0 1 0 1 1 0 1 1 0 1 0 1 1 1 1 1 1 1 1 1 1 1 1 0 1 0 1 1 0 0 0 
1 0 1 0 1 1 1 1 1 1 0 0 1 0 1 1 1 0 1 1 1 1 1 1 1 0 1 1 1 1 0 1 0 0 1 1 1 1 0 0 1 1 1 1 1 1 0 0 0 1 1 1 1 1 1 1 0 1 0 1 1 1 1 1 1 0 1 0 0 0 0 0 1 1 0 1 0 0 1 1 1 0 1 1 1 0 1 1 0 0 1 1 1 1 0 1 1 0 1 0 1 0 1 1 1 1 1 1 0 1 1 1 0 0 1 1 1 0 0 0 
1 0 1 0 1 1 1 1 1 1 0 0 1 0 1 1 1 0 1 1 1 1 1 1 1 0 1 0 1 1 0 1 0 0 1 1 1 1 0 0 0 1 1 1 1 1 0 0 0 1 1 1 1 1 1 1 0 1 0 1 1 1 1 1 1 0 1 0 0 0 0 0 1 1 0 1 0 0 1 1 1 0 1 1 1 0 1 1 0 0 1 0 1 1 0 1 1 0 1 0 1 0 1 1 1 1 1 1 0 1 1 1 0 0 0 1 1 0 0 0 
0 0 0 0 0 0 0 0 0 0 0 0 0 0 0 0 0 0 0 0 0 0 0 0 0 0 0 0 0 0 0 0 0 0 0 0 0 0 0 0 0 0 0 0 0 0 0 0 0 0 0 0 0 0 0 0 0 0 0 0 0 0 0 0 0 0 0 0 0 0 0 0 0 0 0 0 0 0 0 0 0 0 0 0 1 0 0 0 0 0 0 0 0 0 0 0 0 0 0 0 0 0 0 0 0 0 0 0 0 0 0 0 0 0 0 0 0 0 0 0 
1 0 1 0 1 1 1 1 1 1 0 0 1 0 1 1 1 0 1 1 1 1 1 1 1 0 1 0 1 1 0 1 0 0 1 1 1 1 0 0 1 1 0 1 1 1 0 0 0 1 1 1 1 1 1 1 0 1 0 1 1 1 1 1 1 0 1 0 0 0 0 0 1 1 0 1 0 0 1 1 1 0 1 1 1 0 1 1 0 0 1 0 1 1 0 1 1 0 1 0 1 0 1 1 1 1 1 1 0 1 1 1 0 0 0 1 1 0 0 0 
1 0 1 0 1 1 1 1 1 1 0 0 1 0 1 1 1 0 1 1 1 1 1 1 1 0 1 0 1 1 0 1 0 0 1 1 1 1 0 0 1 1 1 0 1 1 0 0 0 1 1 1 1 1 1 1 0 1 0 1 1 1 1 1 1 0 1 0 0 0 0 0 1 1 0 1 0 0 1 1 1 0 1 1 1 0 1 1 0 0 1 0 1 1 0 1 1 0 1 0 1 0 1 1 1 1 1 1 0 1 1 1 0 0 0 1 1 0 0 0 
1 0 1 0 1 1 1 1 1 1 0 0 1 0 1 1 1 0 1 1 1 1 1 1 1 0 1 0 1 1 0 1 0 0 1 1 1 1 0 0 1 1 1 1 0 1 0 0 0 1 1 1 1 1 1 1 0 1 0 1 1 1 1 1 1 0 1 0 0 0 0 0 1 1 0 1 0 0 1 1 1 0 1 1 1 0 1 1 0 0 1 0 1 1 0 1 1 0 1 0 1 0 1 1 1 1 1 1 0 1 1 1 0 0 0 1 1 0 0 0 
1 0 1 0 1 1 1 1 1 1 0 0 1 0 1 1 1 0 1 1 1 1 1 1 1 0 1 0 1 1 0 1 0 0 1 1 1 1 0 0 1 1 1 1 1 0 0 0 0 1 1 1 1 1 1 1 0 1 0 1 1 1 1 1 1 0 1 0 0 0 0 0 1 1 0 1 0 0 1 1 1 0 1 1 1 0 1 1 0 0 1 0 1 1 0 1 1 0 1 0 1 0 1 1 1 1 1 1 0 1 1 1 0 0 0 1 1 0 0 0 
0 0 0 0 1 0 0 0 0 0 0 0 0 0 0 0 0 0 0 0 0 0 1 0 0 0 0 0 0 0 0 0 0 0 0 0 0 0 0 0 0 0 0 0 0 0 0 0 0 1 0 0 0 0 0 0 0 1 0 0 0 0 0 0 0 0 0 0 0 0 0 0 0 0 0 0 0 0 0 0 0 0 0 0 0 0 0 0 0 0 0 0 0 0 0 1 0 0 0 0 0 0 0 0 0 0 0 0 0 0 1 1 0 0 0 0 0 0 0 0 
1 0 1 0 1 1 1 1 1 1 0 1 1 0 1 1 1 0 1 1 1 1 1 1 1 0 1 0 1 1 1 1 0 1 1 1 1 1 1 0 1 1 1 1 1 1 0 0 0 1 1 1 1 1 1 1 0 1 0 1 1 1 1 1 1 0 1 0 0 0 0 1 1 1 0 1 0 0 1 1 1 0 1 1 1 0 1 1 1 0 1 0 1 1 0 1 1 0 1 0 1 1 1 1 1 1 1 1 1 1 1 1 0 1 0 1 1 0 0 0 
0 0 0 0 0 0 0 0 0 0 0 0 0 0 0 0 0 0 0 0 0 0 0 0 0 0 0 0 0 0 0 0 0 0 0 0 0 0 0 0 0 0 0 0 0 0 0 0 0 0 0 0 0 0 0 0 0 0 0 0 0 0 0 0 0 0 0 0 0 1 0 0 0 0 0 0 0 0 0 0 0 0 0 0 0 0 0 0 0 1 0 0 0 0 0 0 0 0 0 0 0 0 0 0 0 0 0 0 0 0 0 0 0 0 0 0 0 0 0 0 
0 0 0 0 0 0 0 0 0 0 0 0 0 0 0 0 0 0 0 0 0 0 0 0 0 0 0 0 0 0 0 0 0 0 0 0 0 0 0 0 0 0 0 0 0 0 0 0 0 0 0 0 0 0 0 0 0 0 0 0 0 0 0 0 0 0 0 0 0 0 0 0 0 0 0 0 0 0 0 0 0 0 0 0 0 0 0 0 0 0 0 0 0 0 0 0 0 0 0 0 0 0 0 0 0 0 0 0 0 0 0 0 0 0 0 0 0 0 0 0 
1 0 1 0 1 1 1 1 1 1 0 0 1 0 1 1 1 0 1 1 1 1 1 1 1 0 1 0 1 1 0 1 0 0 1 1 1 1 0 0 1 1 1 1 1 1 0 0 0 1 0 1 1 1 1 1 0 1 0 1 1 1 1 1 1 0 1 0 0 0 0 0 1 1 0 1 0 0 1 1 1 0 1 1 1 0 1 1 0 0 1 0 1 1 0 1 1 0 1 0 1 0 1 1 1 1 1 1 0 1 1 1 0 0 0 1 1 0 0 0 
1 0 1 0 1 1 1 1 1 1 0 0 1 0 1 1 1 0 1 1 1 1 1 1 1 0 1 0 1 1 0 1 0 0 1 1 1 1 0 0 1 1 1 1 1 1 0 0 0 1 1 0 1 1 1 1 0 1 0 1 1 1 1 1 1 0 1 0 0 0 0 0 1 1 0 1 0 0 1 1 1 0 1 1 1 0 1 1 0 0 1 0 1 1 0 1 1 0 1 0 1 0 1 1 1 1 1 1 0 1 1 1 0 0 0 1 1 0 0 0 
1 0 1 0 1 1 1 1 1 1 0 0 1 0 1 1 1 0 1 1 1 1 1 1 1 0 1 0 1 1 0 1 0 0 1 1 1 1 0 0 1 1 1 1 1 1 0 0 0 1 1 1 0 1 1 1 0 1 0 1 1 1 1 1 1 0 1 0 0 0 0 0 1 1 0 1 0 0 1 1 1 0 1 1 1 0 1 1 0 0 1 0 1 1 0 1 1 0 1 0 1 0 1 1 1 1 1 1 0 1 1 1 0 0 0 1 1 0 0 0 
1 0 1 0 1 1 1 1 1 1 0 0 1 0 1 1 1 0 1 1 1 1 1 1 1 0 1 0 1 1 0 1 0 0 1 1 1 1 0 0 1 1 1 1 1 1 0 0 0 1 1 1 1 0 1 1 0 1 0 1 1 1 1 1 1 0 1 0 0 0 0 0 1 1 0 1 0 0 1 1 1 0 1 1 1 0 1 1 0 0 1 0 1 1 0 1 1 0 1 0 1 0 1 1 1 1 1 1 0 1 1 1 0 0 0 1 1 0 0 0 
1 0 1 0 1 1 1 1 1 1 0 0 1 0 1 1 1 0 1 1 1 1 1 1 1 0 1 0 1 1 0 1 0 0 1 1 1 1 0 0 1 1 1 1 1 1 0 0 0 1 1 1 1 1 0 1 0 1 0 1 1 1 1 1 1 0 1 0 0 0 0 0 1 1 0 1 0 0 1 1 1 0 1 1 1 0 1 1 0 0 1 0 1 1 0 1 1 0 1 0 1 0 1 1 1 1 1 1 0 1 1 1 0 0 0 1 1 0 0 0 
1 0 1 0 1 1 1 1 1 1 0 0 1 0 1 1 1 0 1 1 1 1 1 1 1 0 1 0 1 1 0 1 0 0 1 1 1 1 0 0 1 1 1 1 1 1 0 0 0 1 1 1 1 1 1 0 0 1 0 1 1 1 1 1 1 0 1 0 0 0 0 0 1 1 0 1 0 0 1 1 1 0 1 1 1 0 1 1 0 0 1 0 1 1 0 1 1 0 1 0 1 0 1 1 1 1 1 1 0 1 1 1 0 0 0 1 1 0 0 0 
1 0 1 0 1 1 1 1 1 1 0 0 1 0 1 1 1 0 1 1 1 1 1 1 1 0 1 0 1 1 0 1 0 0 1 1 1 1 0 0 1 1 1 1 1 1 0 0 0 1 1 1 1 1 1 1 0 1 0 1 1 1 1 1 1 0 1 0 0 0 0 0 1 1 0 1 0 0 1 1 1 0 1 1 1 0 1 1 0 0 1 0 1 1 0 1 1 0 1 0 1 0 1 1 1 1 1 1 0 1 1 1 0 0 0 1 1 0 0 0 
0 0 0 0 1 0 0 0 0 0 0 0 0 0 0 0 0 0 0 0 0 0 0 0 0 0 0 0 0 0 0 0 0 0 0 0 0 0 0 0 0 0 0 0 0 0 0 0 0 0 0 0 0 0 0 0 0 0 0 0 0 0 0 0 0 0 0 0 0 0 0 0 0 0 0 0 0 0 0 0 0 0 0 0 0 0 0 0 0 0 0 0 0 0 0 0 0 0 0 0 0 0 0 0 0 0 0 0 0 0 1 1 0 0 0 0 0 0 0 0 
1 0 1 0 1 1 1 1 1 1 0 0 1 0 1 1 1 0 1 1 1 1 1 1 1 0 1 0 1 1 0 1 0 0 1 1 1 1 0 0 1 1 1 1 1 1 0 0 0 1 1 1 1 1 1 1 0 1 0 1 1 1 1 1 1 0 1 0 0 0 0 0 1 1 0 1 0 0 1 1 1 0 1 1 1 0 1 1 0 0 1 0 1 1 0 1 1 1 1 0 1 0 1 1 1 1 1 1 0 1 1 1 0 0 0 1 1 0 0 0 
1 0 1 0 1 1 1 1 1 1 0 0 1 0 1 1 1 0 1 1 1 1 1 1 1 0 1 0 1 1 0 1 0 0 1 1 1 1 0 0 1 1 1 1 1 1 0 0 0 1 1 1 1 1 1 1 0 1 0 0 1 1 1 1 1 0 1 0 0 0 0 0 1 1 0 1 0 0 1 1 1 0 1 1 1 0 1 1 0 0 1 0 1 1 0 1 1 0 1 0 1 0 1 1 1 1 1 1 0 1 1 1 0 0 0 1 1 0 0 0 
1 0 1 0 1 1 1 1 1 1 0 0 1 0 1 1 1 0 1 1 1 1 1 1 1 0 1 0 1 1 0 1 0 0 1 1 1 1 0 0 1 1 1 1 1 1 0 0 0 1 1 1 1 1 1 1 0 1 0 1 0 1 1 1 1 0 1 0 0 0 0 0 1 1 0 1 0 0 1 1 1 0 1 1 1 0 1 1 0 0 1 0 1 1 0 1 1 0 1 0 1 0 1 1 1 1 1 1 0 1 1 1 0 0 0 1 1 0 0 0 
1 0 1 0 1 1 1 1 1 1 0 0 1 0 1 1 1 0 1 1 1 1 1 1 1 0 1 0 1 1 0 1 0 0 1 1 1 1 0 0 1 1 1 1 1 1 0 0 0 1 1 1 1 1 1 1 0 1 0 1 1 0 1 1 1 0 1 0 0 0 0 0 1 1 0 1 0 0 1 1 1 0 1 1 1 0 1 1 0 0 1 0 1 1 0 1 1 0 1 0 1 0 1 1 1 1 1 1 0 1 1 1 0 0 0 1 1 0 0 0 
1 0 1 0 1 1 1 1 1 1 0 0 1 0 1 1 1 0 1 1 1 1 1 1 1 0 1 0 1 1 0 1 0 0 1 1 1 1 0 0 1 1 1 1 1 1 0 0 0 1 1 1 1 1 1 1 0 1 0 1 1 1 0 1 1 0 1 0 0 0 0 0 1 1 0 1 0 0 1 1 1 0 1 1 1 0 1 1 0 0 1 0 1 1 0 1 1 0 1 0 1 0 1 1 1 1 1 1 0 1 1 1 0 0 0 1 1 0 0 0 
0 0 0 0 0 0 0 0 0 0 0 0 0 0 0 0 0 0 0 0 0 0 0 0 0 0 0 0 0 0 0 0 0 0 0 0 0 0 0 0 0 0 0 0 0 0 0 0 0 0 0 0 0 0 0 0 0 0 0 0 0 0 0 0 0 0 0 0 0 0 0 0 0 0 0 0 0 0 0 0 0 0 0 0 0 0 0 0 0 0 0 0 0 0 0 0 0 0 0 0 0 0 0 0 0 0 0 0 0 0 0 0 0 0 0 0 0 0 0 0 
1 0 1 0 1 1 1 1 1 1 0 0 1 0 1 1 1 0 1 1 1 1 1 1 1 0 1 0 1 1 0 1 0 0 1 1 1 1 0 0 1 1 1 1 1 1 0 0 0 1 1 1 1 1 1 1 0 1 0 1 1 1 1 1 0 0 1 0 0 0 0 0 1 1 0 1 0 0 1 1 1 0 1 1 1 0 1 1 0 0 1 0 1 1 0 1 1 0 1 0 1 0 1 1 1 1 1 1 0 1 1 1 0 0 0 1 1 0 0 0 
1 0 1 0 1 1 1 1 1 1 0 1 1 0 1 1 1 0 1 1 1 1 1 1 1 0 1 0 1 1 0 1 0 0 1 1 1 1 0 0 1 1 1 1 1 1 0 0 0 1 1 1 1 1 1 1 0 1 0 1 1 1 1 1 1 0 1 0 0 0 0 1 1 1 0 1 1 0 1 1 1 0 1 1 1 0 1 1 0 0 1 0 1 1 0 1 1 0 1 0 1 1 1 1 1 1 1 1 0 1 1 1 0 1 0 1 1 0 0 0 
1 0 1 0 1 1 1 1 1 1 0 0 1 0 1 1 1 0 1 1 1 1 1 1 1 0 1 0 1 1 0 1 0 0 1 1 1 1 0 0 1 1 1 1 1 1 0 0 0 1 1 1 1 1 1 1 0 1 0 1 1 1 1 1 1 0 0 0 0 0 0 0 1 1 0 1 0 0 1 1 1 0 1 1 1 0 1 1 0 0 1 0 1 1 0 1 1 0 1 0 1 0 1 1 1 1 1 1 0 1 1 1 0 0 0 1 1 0 0 0 
1 1 1 0 1 1 1 1 1 1 0 0 1 0 1 1 1 0 1 1 1 1 1 1 1 0 1 1 1 1 0 1 0 0 1 1 1 1 0 0 1 1 1 1 1 1 0 0 0 1 1 1 1 1 1 1 0 1 0 1 1 1 1 1 1 0 1 0 0 0 0 0 1 1 0 1 0 0 1 1 1 1 1 1 1 0 1 1 0 0 1 0 1 1 0 1 1 0 1 0 1 0 1 1 1 1 1 1 0 1 1 1 0 0 0 1 1 0 0 0 
0 0 0 0 0 0 0 0 0 0 0 0 0 0 0 0 0 0 0 0 0 0 0 0 0 0 0 0 0 0 0 0 0 0 0 0 0 0 0 0 0 0 0 0 0 0 0 0 0 0 0 0 0 0 0 0 0 0 0 0 0 0 0 0 0 0 0 0 0 0 0 0 0 0 0 0 0 0 0 0 0 0 0 0 0 0 0 0 0 0 0 0 1 0 0 0 0 0 0 0 0 0 0 1 0 0 0 0 0 0 0 0 0 0 0 0 0 0 0 0 
0 0 0 0 0 0 0 0 0 0 0 0 0 0 0 0 0 0 0 0 0 0 0 0 0 0 0 0 0 0 0 0 0 0 0 0 0 0 0 0 0 0 0 0 0 0 0 0 0 0 0 0 0 0 0 0 0 0 0 0 0 0 0 0 0 0 0 0 0 0 0 0 0 0 0 0 0 0 0 0 0 0 0 0 0 0 0 0 0 0 0 0 0 0 0 0 0 0 0 0 0 0 0 0 0 0 0 0 0 0 0 0 0 0 0 0 0 0 0 0 
1 0 1 0 1 1 1 1 1 1 0 0 1 0 1 1 1 0 1 1 1 1 1 1 1 0 1 0 1 1 0 1 0 0 1 1 1 1 0 0 1 1 1 1 1 1 0 0 0 1 1 1 1 1 1 1 0 1 0 1 1 1 1 1 1 0 1 0 0 0 0 0 1 1 0 1 0 0 1 1 1 0 1 1 1 0 1 1 0 0 1 0 1 1 0 1 1 0 1 0 1 0 1 1 1 1 1 1 0 1 1 1 0 0 0 1 1 0 0 0 
1 0 1 0 1 1 1 1 1 1 0 1 1 0 1 1 1 0 1 1 1 1 1 1 1 0 1 0 1 1 0 1 0 0 1 1 1 1 0 0 1 1 1 1 1 1 0 0 0 1 1 1 1 1 1 1 0 1 0 1 1 1 1 1 1 0 1 0 0 0 0 0 1 1 0 1 0 0 1 1 1 0 1 1 1 0 1 1 0 0 1 0 1 1 0 1 1 0 1 0 1 0 1 1 1 1 1 1 0 1 1 1 0 0 0 1 1 0 0 0 
1 0 1 0 1 1 1 1 1 1 0 0 1 0 1 1 1 0 1 1 1 1 1 1 1 0 1 0 1 1 0 1 0 0 1 1 1 1 0 0 1 1 1 1 1 1 0 0 0 1 1 1 1 1 1 1 0 1 0 1 1 1 1 1 1 0 1 0 0 0 0 0 0 1 0 1 0 0 1 1 1 0 1 1 1 0 1 1 0 0 1 0 1 1 0 1 1 0 1 0 1 0 1 1 1 1 1 1 0 1 1 1 0 0 0 1 1 0 0 0 
1 0 1 0 1 1 1 1 1 1 0 0 1 0 1 1 1 0 1 1 1 1 1 1 1 0 1 0 1 1 0 1 0 0 1 1 1 1 0 0 1 1 1 1 1 1 0 0 0 1 1 1 1 1 1 1 0 1 0 1 1 1 1 1 1 0 1 0 0 0 0 0 1 0 0 1 0 0 1 1 1 0 1 1 1 0 1 1 0 0 1 0 1 1 0 1 1 0 1 0 1 0 1 1 1 1 1 1 0 1 1 1 0 0 0 1 1 0 0 0 
1 0 1 0 1 1 1 1 1 1 0 0 1 0 1 1 1 0 1 1 1 1 1 1 1 0 1 0 1 1 0 1 0 0 1 1 1 1 0 0 1 1 1 1 1 1 0 0 0 1 1 1 1 1 1 1 0 1 0 1 1 1 1 1 1 0 1 0 0 0 0 0 1 1 0 1 0 0 1 1 1 0 1 1 1 0 1 1 0 0 1 0 1 1 0 1 1 0 1 0 1 0 1 1 1 1 1 1 0 1 1 1 0 0 0 1 1 0 0 0 
0 0 0 0 0 0 0 0 0 0 0 0 0 0 0 0 0 0 0 0 0 0 0 0 0 0 0 0 0 0 0 0 0 0 0 0 0 0 0 0 0 0 0 0 0 0 0 0 0 0 0 0 0 0 0 0 0 0 0 0 0 0 0 0 0 0 0 0 0 0 0 0 0 0 0 0 0 0 0 0 0 0 0 0 0 0 0 0 0 0 0 0 0 0 0 0 0 0 0 0 0 0 0 0 0 0 0 0 0 0 0 0 0 0 0 0 0 0 0 0 
1 0 1 0 1 1 1 1 1 1 0 0 1 0 1 1 1 0 1 1 1 1 1 1 1 0 1 0 1 1 0 1 0 0 1 1 1 1 0 0 1 1 1 1 1 1 0 0 0 1 1 1 1 1 1 1 0 1 0 1 1 1 1 1 1 0 1 0 0 0 0 0 1 1 0 1 0 0 1 1 1 0 1 1 1 0 1 1 0 0 1 0 1 1 0 1 1 0 1 0 1 0 1 1 1 1 1 1 0 1 1 1 0 0 0 1 1 0 0 0 
0 0 0 0 1 0 0 0 0 0 0 0 0 0 0 0 0 0 0 0 0 0 1 0 0 0 0 0 0 0 0 0 0 0 0 0 0 0 0 0 0 0 0 0 0 0 1 0 0 1 0 0 0 0 0 0 0 1 0 0 0 0 0 0 0 0 0 0 0 0 0 0 0 0 0 0 0 0 0 0 0 0 0 0 0 0 0 0 0 0 0 0 0 0 0 1 0 0 0 0 0 0 0 0 0 0 0 0 0 0 1 1 0 0 0 0 0 0 0 0 
1 0 1 0 1 1 1 1 1 1 0 0 1 0 1 1 1 0 1 1 1 1 1 1 1 0 1 0 1 1 0 1 0 0 1 1 1 1 0 0 1 1 1 1 1 1 0 0 0 1 1 1 1 1 1 1 0 1 0 1 1 1 1 1 1 0 1 0 0 0 0 0 1 1 0 1 0 0 0 1 1 0 1 1 1 0 1 1 0 0 1 0 1 1 0 1 1 0 1 0 1 0 1 1 1 1 1 1 0 1 1 1 0 0 0 1 1 0 0 0 
1 0 1 0 1 1 1 1 1 1 0 0 1 0 1 1 1 0 1 1 1 1 1 1 1 0 1 0 1 1 0 1 0 0 1 1 1 1 0 0 1 1 1 1 1 1 0 0 0 1 1 1 1 1 1 1 0 1 0 1 1 1 1 1 1 0 1 0 0 0 0 0 1 1 0 1 0 0 1 0 1 0 1 1 1 0 1 1 0 0 1 0 1 1 0 1 1 0 1 0 1 0 1 1 1 1 1 1 0 1 1 1 0 0 0 1 1 0 0 0 
1 0 1 0 1 1 1 1 1 1 0 0 1 0 1 1 1 0 1 1 1 1 1 1 1 0 1 0 1 1 0 1 0 0 1 1 1 1 0 0 1 1 1 1 1 1 0 0 0 1 1 1 1 1 1 1 0 1 0 1 1 1 1 1 1 0 1 0 0 0 0 0 1 1 0 1 0 0 1 1 0 0 1 1 1 0 1 1 0 0 1 0 1 1 0 1 1 0 1 0 1 0 1 1 1 1 1 1 0 1 1 1 0 0 0 1 1 0 0 0 
1 0 1 0 1 1 1 1 1 1 0 0 1 0 1 1 1 0 1 1 1 1 1 1 1 0 1 0 1 1 0 1 0 0 1 1 1 1 0 0 1 1 1 1 1 1 0 0 0 1 1 1 1 1 1 1 0 1 0 1 1 1 1 1 1 0 1 0 0 0 0 0 1 1 0 1 0 0 1 1 1 0 1 1 1 0 1 1 0 0 1 0 1 1 0 1 1 0 1 0 1 0 1 1 1 1 1 1 0 1 1 1 0 0 0 1 1 0 0 0 
1 0 1 0 1 1 1 1 1 1 0 0 1 0 1 1 1 0 1 1 1 1 1 1 1 0 1 0 1 1 0 1 0 0 1 1 1 1 0 0 1 1 1 1 1 1 0 0 0 1 1 1 1 1 1 1 0 1 0 1 1 1 1 1 1 0 1 0 0 0 0 0 1 1 0 1 0 0 1 1 1 0 0 1 1 0 1 1 0 0 1 0 1 1 0 1 1 0 1 0 1 0 1 1 1 1 1 1 0 1 1 1 0 0 0 1 1 0 0 0 
1 0 1 0 1 1 1 1 1 1 0 0 1 0 1 1 1 0 1 1 1 1 1 1 1 0 1 0 1 1 0 1 0 0 1 1 1 1 0 0 1 1 1 1 1 1 0 0 0 1 1 1 1 1 1 1 0 1 0 1 1 1 1 1 1 0 1 0 0 0 0 0 1 1 0 1 0 0 1 1 1 0 1 0 1 0 1 1 0 0 1 0 1 1 0 1 1 0 1 0 1 0 1 1 1 1 1 1 0 1 1 1 0 0 0 1 1 0 0 0 
0 0 0 0 0 0 0 0 0 0 0 0 0 0 0 0 0 0 0 0 0 0 0 0 0 0 0 0 0 0 0 0 0 0 0 0 0 0 0 0 0 0 0 0 0 0 0 0 0 0 0 0 0 0 0 0 0 0 0 0 0 0 0 0 0 0 0 0 0 0 0 0 0 0 0 0 0 0 0 0 0 0 0 0 0 0 0 0 0 0 0 0 0 0 0 0 0 0 0 0 0 0 0 0 0 0 0 0 0 0 0 0 0 0 0 0 0 0 0 0 
0 0 0 0 0 0 0 0 0 0 0 0 0 0 0 0 0 0 0 0 0 0 0 0 0 0 0 0 0 0 0 0 0 0 0 0 0 0 0 0 0 0 0 0 0 0 0 0 0 0 0 0 0 0 0 0 0 0 0 0 0 0 0 0 0 0 0 0 0 0 0 0 0 0 0 0 0 0 0 0 0 0 0 0 0 0 0 0 0 0 0 0 0 0 0 0 0 0 0 0 0 0 0 0 0 0 0 0 0 0 0 0 0 0 0 0 0 0 0 0 
1 0 1 0 1 1 1 1 1 1 0 0 1 0 1 1 1 0 1 1 1 1 1 1 1 0 1 0 1 1 0 1 0 0 1 1 1 1 0 0 1 1 1 1 1 1 0 0 0 1 1 1 1 1 1 1 0 1 0 1 1 1 1 1 1 0 1 0 0 0 0 0 1 1 0 1 0 0 1 1 1 0 1 1 1 0 0 1 0 0 1 0 1 1 0 1 1 0 1 0 1 0 1 1 1 1 1 1 0 1 1 1 0 0 0 1 1 0 0 0 
0 0 0 0 0 0 0 0 0 0 0 0 0 0 0 0 0 0 0 0 0 0 0 0 0 0 0 0 0 0 0 0 0 0 0 0 0 0 0 0 0 0 0 0 0 0 0 0 0 0 0 0 0 0 0 0 0 0 0 0 0 0 0 0 0 0 0 0 0 0 0 0 0 0 0 0 0 0 0 0 0 0 0 0 0 0 0 0 0 0 0 0 0 1 0 0 0 0 0 0 0 0 0 0 0 0 0 0 0 0 0 0 0 0 0 0 0 0 0 0 
1 0 1 0 1 1 1 1 1 1 0 0 1 0 1 1 1 0 1 1 1 1 1 1 1 0 1 0 1 1 0 1 0 0 1 1 1 1 0 0 1 1 1 1 1 1 0 0 0 1 1 1 1 1 1 1 0 1 0 1 1 1 1 1 1 0 1 0 0 0 0 0 1 1 0 1 0 0 1 1 1 0 1 1 1 0 1 1 0 0 1 0 1 1 0 1 1 0 1 0 1 0 1 1 1 1 1 1 0 1 1 1 0 0 0 1 1 0 0 0 
0 0 0 0 0 0 0 0 0 0 0 0 0 0 0 0 0 0 0 0 0 0 0 0 0 0 0 0 0 0 0 0 0 0 0 0 0 0 0 0 0 0 0 0 0 0 0 0 0 0 0 0 0 0 0 0 0 0 0 0 0 0 0 0 0 0 0 0 0 0 0 0 0 0 0 0 0 0 0 0 0 0 0 0 0 0 0 0 0 0 0 0 0 0 0 0 0 0 0 0 0 0 0 0 0 0 0 0 0 0 0 0 0 0 0 0 0 0 0 0 
1 0 1 0 1 1 1 1 1 1 0 0 1 0 1 1 1 0 1 1 1 1 1 1 1 0 1 0 1 1 0 1 0 0 1 1 1 1 0 0 1 1 1 1 1 1 0 0 0 1 1 1 1 1 1 1 0 1 0 1 1 1 1 1 1 0 1 0 0 0 0 0 1 1 0 1 0 0 1 1 1 0 1 1 1 0 1 1 0 0 0 0 1 1 0 1 1 0 1 0 1 0 1 1 1 1 1 1 0 1 1 1 0 0 0 1 1 0 0 0 
1 0 1 0 1 1 1 1 1 1 0 0 1 0 1 1 1 0 1 1 1 1 1 1 1 0 1 1 1 1 0 1 0 0 1 1 1 1 0 0 1 1 1 1 1 1 0 0 0 1 1 1 1 1 1 1 0 1 0 1 1 1 1 1 1 0 1 0 0 0 0 0 1 1 0 1 0 0 1 1 1 0 1 1 1 0 1 1 0 0 1 0 1 1 0 1 1 0 1 0 1 0 1 1 1 1 1 1 0 1 1 1 0 0 1 1 1 0 0 0 
0 0 0 0 0 0 0 0 0 0 0 0 0 0 0 0 0 0 0 0 0 0 0 0 0 0 0 0 0 0 0 0 0 0 0 0 0 0 0 0 0 0 0 0 0 0 0 0 0 0 0 0 0 0 0 0 0 0 0 0 0 0 0 0 0 0 0 0 0 0 0 0 0 0 0 0 0 0 0 0 0 0 0 0 0 0 0 0 0 0 0 0 0 0 0 0 0 0 0 0 0 0 0 0 0 0 0 0 0 0 0 0 0 0 0 0 0 0 0 0 
0 0 0 0 0 0 0 0 0 0 0 0 0 0 0 0 0 0 0 0 0 0 0 0 0 0 0 0 0 0 0 0 0 0 0 0 0 0 0 0 0 0 0 0 0 0 0 0 0 0 0 0 0 0 0 0 0 0 0 0 0 0 0 0 0 0 0 0 0 0 0 0 0 0 0 0 0 0 0 0 0 0 0 0 0 0 0 0 0 0 0 0 0 0 0 0 0 0 0 0 0 0 0 0 0 0 0 0 0 0 0 0 0 0 0 0 0 0 0 0 
0 0 0 0 0 0 0 0 0 0 0 0 0 0 0 0 0 0 0 0 0 0 0 0 0 0 0 0 0 0 0 0 0 0 0 0 0 0 0 0 0 0 0 0 0 0 0 0 0 0 0 0 0 0 0 0 0 0 0 0 0 0 0 0 0 0 0 0 0 0 0 0 0 0 0 0 0 0 0 0 0 0 0 0 0 0 0 0 0 0 0 0 0 0 0 0 0 0 0 0 0 0 0 0 0 0 0 0 0 0 0 0 0 0 0 0 0 0 0 0 
0 0 0 0 0 0 0 0 0 0 0 0 0 0 0 0 0 0 0 0 0 0 0 0 0 0 0 0 0 0 0 0 0 0 0 0 0 0 0 0 0 0 0 0 0 0 0 0 0 0 0 0 0 0 0 0 0 0 0 0 0 0 0 0 0 0 0 0 0 0 0 0 0 0 0 0 0 0 0 0 0 0 0 0 0 0 0 0 0 0 0 0 0 0 0 0 0 0 0 0 0 0 0 0 0 0 0 0 0 0 0 0 0 0 0 0 0 0 0 0 
1 0 1 0 1 1 1 1 1 1 0 0 1 0 1 1 1 0 1 1 1 1 1 1 1 0 1 0 1 1 0 1 0 0 1 1 1 1 0 0 1 1 1 1 1 1 0 0 0 1 1 1 1 1 1 1 0 1 0 1 1 1 1 1 1 0 1 0 0 0 0 0 1 1 0 1 0 0 1 1 1 0 1 1 1 0 1 1 0 0 1 0 1 1 0 1 0 0 1 0 1 0 1 1 1 1 1 1 0 1 1 1 0 0 0 1 1 0 0 0 
0 0 0 0 0 0 0 0 0 0 0 0 0 0 0 0 0 0 0 0 0 0 0 0 0 0 0 0 0 0 0 0 0 0 0 0 0 0 0 0 0 0 0 0 0 0 0 0 0 1 0 0 0 0 0 0 0 0 0 0 0 0 0 0 0 0 0 0 0 0 0 0 0 0 0 0 0 0 0 0 0 0 0 0 0 0 0 0 0 0 0 0 0 0 0 0 0 0 0 0 0 0 0 0 0 0 0 0 0 0 0 0 0 0 0 0 0 0 0 0 
0 0 0 0 0 0 0 0 0 0 0 0 0 0 0 0 0 0 0 0 0 0 0 0 0 0 0 0 0 0 0 0 0 0 0 0 0 0 0 0 0 0 0 0 0 0 0 0 0 1 0 0 0 0 0 0 0 0 0 0 0 0 0 0 0 0 0 0 0 0 0 0 0 0 0 0 0 0 0 0 0 0 0 0 0 0 0 0 0 0 0 0 0 0 0 0 0 0 0 0 0 0 0 0 0 0 0 0 0 0 0 0 0 0 0 0 0 0 0 0 
0 0 0 0 0 0 0 0 0 0 0 0 0 0 0 0 0 0 0 0 0 0 0 0 0 0 0 0 0 0 0 0 0 0 0 0 0 0 0 0 0 0 0 0 0 0 0 0 0 0 0 0 0 0 0 0 0 0 0 0 0 0 0 0 0 0 0 0 0 0 0 0 0 0 0 0 0 0 0 0 0 0 0 0 0 0 0 0 0 0 0 0 0 0 0 0 0 0 0 0 0 0 0 0 0 0 0 0 0 0 0 0 0 0 0 0 0 0 0 0 
1 0 1 0 1 1 1 1 1 1 0 0 1 0 1 1 1 0 1 1 1 1 1 1 1 0 1 0 1 1 0 1 0 0 1 1 1 1 0 0 1 1 1 1 1 1 0 0 0 1 1 1 1 1 1 1 0 1 0 1 1 1 1 1 1 0 1 0 0 0 0 0 1 1 0 1 0 0 1 1 1 0 1 1 1 0 1 1 0 0 1 0 1 1 0 1 1 0 1 0 0 0 1 1 1 1 1 1 0 1 1 1 0 0 0 1 1 0 0 0 
1 0 1 0 1 1 1 1 1 1 0 1 1 0 1 1 1 0 1 1 1 1 1 1 1 0 1 0 1 1 0 1 0 0 1 1 1 1 0 0 1 1 1 1 1 1 0 0 0 1 1 1 1 1 1 1 0 1 0 1 1 1 1 1 1 0 1 0 0 0 0 1 1 1 0 1 0 0 1 1 1 0 1 1 1 0 1 1 0 0 1 0 1 1 0 1 1 0 1 0 1 0 1 1 1 1 1 1 0 1 1 1 0 1 0 1 1 0 0 0 
1 0 1 0 1 1 1 1 1 1 0 0 1 0 1 1 1 0 1 1 1 1 1 1 1 0 1 0 1 1 0 1 0 0 1 1 1 1 0 0 1 1 1 1 1 1 0 0 0 1 1 1 1 1 1 1 0 1 0 1 1 1 1 1 1 0 1 0 0 0 0 0 1 1 0 1 0 0 1 1 1 0 1 1 1 0 1 1 0 0 1 0 1 1 0 1 1 0 1 0 1 0 0 1 1 1 1 1 0 1 1 1 0 0 0 1 1 0 0 0 
0 0 0 0 0 0 0 0 0 0 0 0 0 0 0 0 0 0 0 0 0 0 0 0 0 0 0 0 0 0 0 0 0 0 0 0 0 0 0 0 0 0 0 0 0 0 0 0 0 0 0 0 0 0 0 0 0 0 0 0 0 0 0 0 0 0 0 0 0 0 0 0 0 0 0 0 0 0 0 0 0 0 0 0 0 0 0 0 0 0 0 0 0 0 0 0 0 0 0 0 0 0 0 0 0 0 0 0 0 0 0 0 0 0 0 0 0 0 0 0 
0 0 0 0 0 0 0 0 0 0 0 0 0 0 0 0 0 0 0 0 0 0 0 0 0 0 0 0 0 0 0 0 0 0 0 0 0 0 0 0 0 0 0 0 0 0 0 0 0 0 0 0 0 0 0 0 0 0 0 0 0 0 0 0 0 0 0 0 0 0 0 0 0 0 0 0 0 0 0 0 0 0 0 0 0 0 0 0 0 0 0 0 0 0 0 0 0 0 0 0 0 0 0 1 0 0 0 0 0 0 0 0 0 0 0 0 0 0 0 0 
0 0 0 0 0 0 0 0 0 0 0 0 0 0 0 0 0 0 0 0 0 0 0 0 0 0 0 0 0 0 0 0 0 0 0 0 0 0 0 0 0 0 0 0 0 0 0 0 0 0 0 0 0 0 0 0 0 0 0 0 0 0 0 0 0 0 0 0 0 0 0 0 0 0 0 0 0 0 0 0 0 0 0 0 0 0 0 0 0 0 0 0 0 0 0 0 0 0 0 0 0 0 0 0 0 0 0 0 0 0 0 0 0 0 0 0 0 0 0 0 
1 0 1 0 1 1 1 1 1 1 0 0 1 0 1 1 1 0 1 1 1 1 1 1 1 0 1 0 1 1 0 1 0 0 1 1 1 1 0 0 1 1 1 1 1 1 0 0 0 1 1 1 1 1 1 1 0 1 0 1 1 1 1 1 1 0 1 0 0 0 0 0 1 1 0 1 0 0 1 1 1 0 1 1 1 0 1 1 0 0 1 0 1 1 0 1 1 0 1 0 1 0 1 1 1 1 0 1 0 1 1 1 0 0 0 1 1 0 0 0 
0 0 0 0 0 0 0 0 0 0 0 0 0 0 0 0 0 0 0 0 0 0 0 0 0 0 0 0 0 0 0 0 0 0 0 0 0 0 0 0 0 0 0 0 0 0 0 0 0 0 0 0 0 0 0 0 0 0 0 0 0 0 0 0 0 0 0 0 0 0 0 0 0 0 0 0 0 0 0 0 0 0 0 0 0 0 0 0 0 0 0 0 0 0 0 0 0 0 0 0 0 0 0 0 0 0 0 0 0 0 0 0 0 0 0 0 0 0 0 0 
1 0 1 0 1 1 1 1 1 1 0 0 1 0 1 1 1 0 1 1 1 1 1 1 1 0 1 0 1 1 0 1 0 0 1 1 1 1 0 0 1 1 1 1 1 1 0 0 0 1 1 1 1 1 1 1 0 1 0 1 1 1 1 1 1 0 1 0 0 0 0 0 1 1 0 1 0 0 1 1 1 0 1 1 1 0 1 1 1 0 1 0 1 1 0 1 1 0 1 0 1 0 1 1 1 1 1 1 0 1 1 1 0 0 0 1 1 0 0 0 
1 0 1 0 1 1 1 1 1 1 0 0 1 0 1 1 1 0 1 1 1 1 1 1 1 0 1 0 1 1 0 1 0 0 1 1 1 1 0 0 1 1 1 1 1 1 0 0 0 1 1 1 1 1 1 1 0 1 0 1 1 1 1 1 1 0 1 0 0 0 0 0 1 1 0 1 0 0 1 1 1 0 1 1 1 0 1 1 0 0 1 0 1 1 0 1 1 0 1 0 1 0 1 1 1 1 1 1 0 0 1 1 0 0 0 1 1 0 0 0 
0 0 0 0 0 0 0 0 0 0 0 0 0 0 0 0 0 0 0 0 0 0 0 0 0 0 0 0 0 0 0 0 0 0 0 0 0 0 0 0 0 0 0 0 0 0 0 0 0 0 0 0 0 0 0 0 0 0 0 0 0 0 0 0 0 0 0 0 0 0 0 0 0 0 0 0 0 0 0 0 0 0 0 0 0 0 0 0 0 0 0 0 0 0 0 0 0 0 0 0 0 0 0 0 0 0 0 0 0 0 0 0 0 0 0 0 0 0 0 0 
0 0 0 0 0 0 0 0 0 0 0 0 0 0 0 0 0 0 0 0 0 0 0 0 0 0 0 0 0 0 0 0 0 0 0 0 0 0 0 0 0 0 0 0 0 0 0 0 0 0 0 0 0 0 0 0 0 0 0 0 0 0 0 0 0 0 0 0 0 0 0 0 0 0 0 0 0 0 0 0 0 0 0 0 0 0 0 0 0 0 0 0 0 0 0 0 0 0 0 0 0 0 0 0 0 0 0 0 0 0 1 0 0 0 0 0 0 0 0 0 
0 0 0 0 0 0 0 0 0 0 0 0 0 0 0 0 0 0 0 0 0 0 0 0 0 0 0 0 0 0 0 0 0 0 0 0 0 0 0 0 0 0 0 0 0 0 0 0 0 0 0 0 0 0 0 0 0 0 0 0 0 0 0 0 0 0 0 0 0 0 0 0 0 0 0 0 0 0 0 0 0 0 0 0 0 0 0 0 0 0 0 0 0 0 0 0 0 0 0 0 0 0 0 0 0 0 0 0 0 0 0 0 0 0 0 0 0 0 0 0 
0 0 0 0 0 0 0 0 0 0 0 0 0 0 0 0 0 0 0 0 0 0 0 0 0 0 0 0 0 0 0 0 0 0 0 0 0 0 0 0 0 0 0 0 0 0 0 0 0 0 0 0 0 0 0 0 0 0 0 0 0 0 0 0 0 0 0 0 0 0 0 0 0 0 0 0 0 0 0 0 0 0 0 0 0 0 0 0 0 0 0 0 0 0 0 0 0 0 0 0 0 0 0 0 0 0 0 0 0 0 0 0 0 0 0 0 0 0 0 0 
1 0 1 0 1 1 1 1 1 1 0 0 1 0 1 1 1 0 1 1 1 1 1 1 1 0 1 1 1 1 0 1 0 0 1 1 1 1 0 0 1 1 1 1 1 1 0 0 0 1 1 1 1 1 1 1 0 1 0 1 1 1 1 1 1 0 1 0 0 0 0 0 1 1 0 1 0 0 1 1 1 0 1 1 1 0 1 1 0 0 1 0 1 1 0 1 1 0 1 0 1 0 1 1 1 1 1 1 0 1 1 1 0 0 0 1 1 0 0 0 
1 0 1 0 1 1 1 1 1 1 0 0 1 0 1 1 1 0 1 1 1 1 1 1 1 0 1 0 1 1 0 1 0 0 1 1 1 1 0 0 1 1 1 1 1 1 0 0 0 1 1 1 1 1 1 1 0 1 0 1 1 1 1 1 1 0 1 0 0 0 0 0 1 1 0 1 0 0 1 1 1 0 1 1 1 0 1 1 0 0 1 0 1 1 0 1 1 0 1 0 1 0 1 1 1 1 1 1 0 1 1 1 0 0 0 0 1 0 0 0 
1 0 1 0 1 1 1 1 1 1 0 0 1 0 1 1 1 0 1 1 1 1 1 1 1 0 1 0 1 1 0 1 0 0 1 1 1 1 0 0 1 1 1 1 1 1 0 0 0 1 1 1 1 1 1 1 0 1 0 1 1 1 1 1 1 0 1 0 0 0 0 0 1 1 0 1 0 0 1 1 1 0 1 1 1 0 1 1 0 0 1 0 1 1 0 1 1 0 1 0 1 0 1 1 1 1 1 1 0 1 1 1 0 0 0 1 0 0 0 0 
1 0 1 0 1 1 1 1 1 1 0 1 1 0 1 1 1 0 1 1 1 1 1 1 1 0 1 0 1 1 1 1 0 0 1 1 1 1 0 0 1 1 1 1 1 1 0 0 0 1 1 1 1 1 1 1 0 1 0 1 1 1 1 1 1 0 1 0 0 0 0 1 1 1 0 1 0 0 1 1 1 0 1 1 1 0 1 1 1 0 1 0 1 1 0 1 1 0 1 0 1 1 1 1 1 1 1 1 1 1 1 1 0 1 0 1 1 0 0 0 
0 0 0 0 0 0 0 0 0 0 0 0 0 0 0 0 0 0 0 0 0 0 0 0 0 0 0 0 0 0 0 0 0 0 0 0 0 0 0 0 0 0 0 0 0 0 0 0 0 0 0 0 0 0 0 0 0 0 0 0 0 0 0 0 0 0 0 0 0 0 0 0 0 0 0 0 0 0 0 0 0 0 0 0 0 0 0 0 0 0 0 0 0 0 0 0 0 0 0 0 0 0 0 0 0 0 0 0 0 0 0 0 0 0 0 0 0 0 0 0 
0 0 0 0 0 0 0 0 0 0 0 0 0 0 0 0 0 0 0 0 0 0 0 0 0 0 0 0 0 0 0 0 0 0 0 0 0 0 0 0 0 0 0 0 0 0 0 0 0 0 0 0 0 0 0 0 0 0 0 0 0 0 0 0 0 0 0 0 1 0 0 0 0 0 0 0 0 0 0 0 0 0 0 0 0 0 0 0 0 0 0 0 1 0 0 0 0 0 0 0 0 0 0 1 0 0 0 0 0 0 0 0 0 0 0 0 0 0 0 0 
