# Number of items
60
# Stacking height
5
# Number of stacks
45
# Item name and Appearance
# (0 for I^{fix}, 1 for I^1, 2 for I^2)
   001     0
   002     0
   003     0
   004     0
   005     0
   006     0
   007     0
   008     0
   009     0
   010     0
   011     0
   012     0
   013     0
   014     0
   015     0
   016     0
   017     0
   018     0
   019     0
   020     0
   021     0
   022     0
   023     0
   024     0
   025     0
   026     0
   027     0
   028     0
   029     0
   030     0
   031     1
   032     1
   033     1
   034     1
   035     1
   036     1
   037     1
   038     1
   039     1
   040     1
   041     1
   042     1
   043     1
   044     1
   045     1
   046     1
   047     1
   048     1
   049     1
   050     1
   051     1
   052     1
   053     1
   054     1
   055     1
   056     1
   057     1
   058     2
   059     2
   060     2
# Positions of Ifix-items in the format (itemName, stack, level)
   001     9     2
   002     2     1
   003     4     3
   004     1     1
   005     3     3
   006     3     2
   007     8     2
   008    12     1
   009    11     2
   010     3     1
   011     8     1
   012    10     2
   013     1     4
   014     1     3
   015     7     2
   016     5     2
   017     5     1
   018     2     2
   019    13     1
   020     7     1
   021     6     2
   022     6     1
   023     2     3
   024    10     1
   025     4     1
   026    14     1
   027     9     1
   028    11     1
   029     4     2
   030     1     2
# Stacking matrix
# Info: number of 1-entries = 1086, density = 0.31
0 1 1 1 0 1 0 1 1 1 0 1 0 1 0 1 1 1 0 1 0 0 1 1 1 1 1 1 1 1 0 1 1 1 1 1 1 1 0 1 1 0 1 0 0 0 0 1 0 0 0 1 0 1 0 0 0 1 1 0 
1 0 1 1 0 1 0 1 1 1 0 1 0 1 0 1 1 1 0 1 0 0 1 1 1 1 1 1 1 1 0 1 1 1 1 1 1 1 0 1 1 0 1 0 0 0 0 1 0 0 0 1 0 1 0 0 0 1 1 0 
1 1 0 1 0 1 0 1 1 1 0 1 0 1 0 1 1 1 0 1 0 0 1 1 1 1 1 1 1 1 0 1 1 1 1 1 1 1 0 1 1 0 1 0 0 0 0 1 0 0 0 1 0 1 0 0 0 1 1 0 
0 0 0 0 0 0 0 0 0 0 0 0 0 0 0 0 0 0 0 0 0 0 0 0 0 0 0 0 0 0 0 0 0 0 0 0 1 0 0 0 0 0 0 0 0 0 0 0 0 0 0 0 0 0 0 0 0 0 0 0 
1 1 1 1 0 1 0 1 1 1 0 1 0 1 0 1 1 1 0 1 0 0 1 1 1 1 1 1 1 1 0 1 1 1 1 1 1 1 0 1 1 0 1 0 0 0 0 1 0 0 0 1 0 1 0 0 0 1 1 0 
1 1 1 1 0 0 0 1 1 1 0 1 0 1 0 1 1 1 0 1 0 0 1 1 1 1 1 1 1 1 0 1 1 1 1 1 1 1 0 1 1 0 1 0 0 0 0 1 0 0 0 1 0 1 0 0 0 1 1 0 
1 1 1 1 0 1 0 1 1 1 1 1 0 1 0 1 1 1 0 1 0 0 1 1 1 1 1 1 1 1 0 1 1 1 1 1 1 1 1 1 1 0 1 0 0 0 0 1 0 0 0 1 0 1 0 0 0 1 1 1 
0 0 0 0 0 0 0 0 0 0 0 0 0 0 0 0 0 0 0 0 0 0 0 0 0 0 0 0 0 0 0 0 0 0 0 0 0 0 0 0 0 0 0 0 0 0 0 0 0 0 0 0 0 0 0 0 0 0 0 0 
0 0 0 0 0 0 0 1 0 0 0 0 0 0 0 0 0 0 0 0 0 0 0 0 0 0 0 1 0 0 0 0 0 0 0 0 0 0 0 0 0 0 0 0 0 0 0 0 0 0 0 0 0 0 0 0 0 0 0 0 
0 0 0 0 0 0 0 0 0 0 0 0 0 0 0 0 0 0 0 0 0 0 0 0 0 0 0 0 0 0 0 0 0 0 0 0 0 0 0 0 0 0 0 0 0 0 0 0 0 0 0 0 0 0 0 0 0 0 0 0 
0 0 0 0 0 0 0 0 0 0 0 0 0 0 0 0 0 0 0 0 0 0 0 0 0 0 0 0 0 0 0 0 0 0 0 0 0 0 0 0 1 0 0 0 0 0 0 0 0 0 0 0 0 0 0 0 0 0 0 1 
1 1 1 1 0 1 0 1 1 1 0 0 0 1 0 1 1 1 0 1 0 0 1 1 1 1 1 1 1 1 0 1 1 1 1 1 1 1 0 1 1 0 1 0 0 0 0 1 0 0 0 1 0 1 0 0 0 1 1 0 
1 1 1 1 0 1 0 1 1 1 0 1 0 1 0 1 1 1 0 1 0 0 1 1 1 1 1 1 1 1 0 1 1 1 1 1 1 1 0 1 1 0 1 0 0 0 0 1 0 0 0 1 0 1 0 0 0 1 1 0 
1 1 1 1 0 1 0 1 1 1 0 1 0 0 0 1 1 1 0 1 0 0 1 1 1 1 1 1 1 1 0 1 1 1 1 1 1 1 0 1 1 0 1 0 0 0 0 1 0 0 0 1 0 1 0 0 0 1 1 0 
1 1 1 1 0 1 0 1 1 1 0 1 0 1 0 1 1 1 0 1 0 0 1 1 1 1 1 1 1 1 0 1 1 1 1 1 1 1 0 1 1 0 1 0 0 0 0 1 0 0 0 1 0 1 0 0 0 1 1 0 
1 1 1 1 0 1 0 1 1 1 0 1 0 1 0 0 1 1 0 1 0 0 1 1 1 1 1 1 1 1 0 1 1 1 1 1 1 1 0 1 1 0 1 0 0 0 0 1 0 0 0 1 0 1 0 0 0 1 1 0 
1 1 1 1 0 1 0 1 1 1 0 1 0 1 0 1 0 1 0 1 0 0 1 1 1 1 1 1 1 1 0 1 1 1 1 1 1 1 0 1 1 0 1 0 0 0 0 1 0 0 0 1 0 1 0 0 0 1 1 0 
1 1 1 1 0 1 0 1 1 1 0 1 0 1 0 1 1 0 0 1 0 0 1 1 1 1 1 1 1 1 0 1 1 1 1 1 1 1 0 1 1 0 1 0 0 0 0 1 0 0 0 1 0 1 0 0 0 1 1 0 
0 0 0 0 0 0 0 0 0 0 0 0 0 0 0 0 0 0 0 0 0 0 0 0 0 0 0 0 0 0 0 0 0 0 0 0 0 0 0 0 1 0 0 0 0 0 0 0 0 0 0 0 0 0 0 0 0 0 0 0 
0 0 0 0 0 0 0 0 0 0 0 0 0 0 0 0 0 0 0 0 0 0 0 0 0 0 0 0 0 0 0 0 0 0 0 0 0 0 0 0 0 0 0 0 0 0 0 0 0 0 0 0 0 0 0 0 0 0 0 0 
0 0 0 0 0 0 0 0 0 0 0 0 0 0 0 0 0 0 0 1 0 1 0 0 0 0 0 0 0 0 0 0 0 0 0 0 0 0 0 0 0 0 0 0 0 0 0 0 0 0 0 0 0 0 0 0 0 0 0 0 
0 0 0 0 0 0 0 0 0 0 0 0 0 0 0 0 0 0 0 1 0 0 0 0 0 0 0 0 0 0 0 0 0 0 0 0 0 0 0 0 0 0 0 0 0 0 0 0 0 0 0 0 0 0 0 0 0 0 0 0 
1 1 1 1 0 1 0 1 1 1 0 1 0 1 0 1 1 1 0 1 0 0 0 1 1 1 1 1 1 1 0 1 1 1 1 1 1 1 0 1 1 0 1 0 0 0 0 1 0 0 0 1 0 1 0 0 0 1 1 0 
0 0 0 0 0 0 0 0 0 0 0 0 0 0 0 0 0 0 0 1 0 0 0 0 0 0 0 0 0 0 0 0 0 0 0 0 0 0 0 0 0 0 0 0 0 0 0 0 0 0 0 0 0 0 0 0 0 0 0 0 
0 0 0 0 0 0 0 0 0 0 0 0 0 0 0 0 0 0 0 0 0 0 0 0 0 0 0 0 0 0 0 0 0 0 0 0 0 0 0 0 0 0 0 0 0 0 0 0 0 0 0 0 0 0 0 0 0 0 0 0 
1 1 1 1 0 1 0 1 1 1 0 1 0 1 0 1 1 1 0 1 0 0 1 1 1 0 1 1 1 1 0 1 1 1 1 1 1 1 0 1 1 0 1 0 0 0 0 1 0 0 0 1 0 1 0 0 0 1 1 0 
1 1 1 1 0 1 0 1 1 1 0 1 0 1 0 1 1 1 0 1 0 0 1 1 1 1 0 1 1 1 0 1 1 1 1 1 1 1 0 1 1 0 1 0 0 0 0 1 0 0 0 1 0 1 0 0 0 1 1 0 
0 0 0 0 0 0 0 0 0 0 0 0 0 0 0 0 0 0 0 0 0 0 0 0 0 0 0 0 0 0 0 0 0 0 0 0 0 0 0 0 0 0 0 0 0 0 0 0 0 0 0 0 0 0 0 0 0 0 0 0 
1 1 1 1 0 1 0 1 1 1 0 1 0 1 0 1 1 1 0 1 0 0 1 1 1 1 1 1 0 1 0 1 1 1 1 1 1 1 0 1 1 0 1 0 0 0 0 1 0 0 0 1 0 1 0 0 0 1 1 0 
1 1 1 1 0 1 0 1 1 1 0 1 0 1 0 1 1 1 0 1 0 0 1 1 1 1 1 1 1 0 0 1 1 1 1 1 1 1 0 1 1 0 1 0 0 0 0 1 0 0 0 1 0 1 0 0 0 1 1 0 
0 0 0 0 0 0 0 0 0 0 0 0 0 0 0 0 0 0 0 0 0 0 0 0 0 0 0 0 0 0 0 0 0 0 0 0 0 0 0 1 1 0 0 0 0 0 1 0 0 0 0 0 0 0 0 0 0 0 0 0 
0 0 0 0 0 0 0 0 0 0 0 0 0 0 0 0 0 0 0 0 0 0 0 0 0 0 0 0 0 0 0 0 0 0 0 0 0 0 0 0 0 0 0 0 0 0 0 0 0 0 0 0 0 0 0 0 0 0 0 0 
0 0 0 0 0 0 0 0 0 0 0 0 0 0 0 0 0 0 0 0 0 0 0 0 0 0 0 0 0 0 0 0 0 0 0 0 0 0 0 0 0 0 0 0 0 0 0 0 0 0 0 0 0 0 0 0 0 0 0 0 
1 1 1 1 0 1 0 1 1 1 0 1 0 1 0 1 1 1 0 1 0 0 1 1 1 1 1 1 1 1 0 1 1 0 1 1 1 1 0 1 1 0 1 0 0 0 0 1 0 0 0 1 0 1 0 0 0 1 1 0 
1 1 1 1 0 1 0 1 1 1 0 1 0 1 0 1 1 1 0 1 0 0 1 1 1 1 1 1 1 1 0 1 1 1 0 1 1 1 0 1 1 0 1 0 0 0 0 1 0 0 0 1 0 1 0 0 0 1 1 0 
1 1 1 1 0 1 0 1 1 1 0 1 0 1 0 1 1 1 0 1 0 0 1 1 1 1 1 1 1 1 0 1 1 1 1 0 1 1 0 1 1 0 1 0 0 0 0 1 0 0 0 1 0 1 0 0 0 1 1 0 
0 0 0 0 0 0 0 0 0 0 0 0 0 0 0 0 0 0 0 0 0 0 0 0 0 0 0 0 0 0 0 0 0 0 0 0 0 0 0 0 0 0 0 0 0 0 0 0 0 0 0 0 0 0 0 0 0 0 0 0 
0 0 0 0 0 0 0 0 0 0 0 0 0 0 0 0 0 0 0 0 0 0 0 0 0 0 0 0 0 0 0 0 0 0 0 0 0 0 0 0 1 0 0 0 0 0 0 0 0 0 0 0 0 0 0 0 0 0 0 0 
1 1 1 1 0 1 0 1 1 1 0 1 0 1 0 1 1 1 0 1 0 0 1 1 1 1 1 1 1 1 0 1 1 1 1 1 1 1 0 1 1 0 1 0 0 0 0 1 0 0 0 1 0 1 0 0 0 1 1 0 
0 0 0 0 0 0 0 0 0 0 0 0 0 0 0 0 0 0 0 0 0 0 0 0 0 0 0 0 0 0 0 0 0 0 0 0 0 0 0 0 0 0 0 0 0 0 0 0 0 0 0 0 0 0 0 0 0 0 0 0 
0 0 0 0 0 0 0 0 0 0 0 0 0 0 0 0 0 0 0 0 0 0 0 0 0 0 0 0 0 0 0 0 0 0 0 0 0 0 0 0 0 0 0 0 0 0 0 0 0 0 0 0 0 0 0 0 0 0 0 0 
0 0 0 0 0 0 0 0 0 0 0 0 0 0 0 0 0 0 0 0 0 0 0 0 0 0 0 0 0 0 0 0 0 0 0 0 0 0 0 0 0 0 0 0 0 0 0 0 0 1 0 0 0 0 0 0 0 0 0 0 
1 1 1 1 0 1 0 1 1 1 0 1 0 1 0 1 1 1 0 1 0 0 1 1 1 1 1 1 1 1 0 1 1 1 1 1 1 1 0 1 1 0 0 0 0 0 0 1 0 0 0 1 0 1 0 0 0 1 1 0 
1 1 1 1 0 1 0 1 1 1 0 1 0 1 0 1 1 1 0 1 0 0 1 1 1 1 1 1 1 1 0 1 1 1 1 1 1 1 0 1 1 0 1 0 0 0 0 1 0 0 0 1 0 1 0 1 0 1 1 0 
0 0 0 0 0 0 0 0 0 0 0 0 0 0 0 0 0 0 0 0 0 0 0 0 0 0 0 0 0 0 0 0 0 0 0 0 0 0 0 0 0 0 0 0 0 0 0 0 0 0 0 0 0 0 0 0 0 0 0 0 
0 0 0 0 0 0 0 0 0 0 0 0 0 0 0 0 0 0 0 0 0 0 0 0 0 0 0 1 0 0 0 0 0 0 0 0 0 0 0 0 1 1 0 0 0 0 0 0 1 1 0 0 0 0 0 0 0 0 1 1 
0 0 0 0 0 0 0 0 0 0 0 0 0 0 0 0 0 0 0 0 0 0 0 0 0 0 0 0 0 0 0 0 0 0 0 0 0 0 0 1 1 0 0 0 0 0 0 0 0 0 0 0 0 0 0 0 0 0 0 0 
1 1 1 1 0 1 0 1 1 1 0 1 0 1 0 1 1 1 0 1 0 0 1 1 1 1 1 1 1 1 0 1 1 1 1 1 1 1 0 1 1 0 1 0 0 0 0 0 0 0 0 1 0 1 0 0 0 1 1 0 
0 0 0 0 0 0 0 0 0 0 0 0 0 0 0 0 0 0 0 0 0 0 0 0 0 0 0 0 0 0 0 0 0 0 0 0 0 0 0 0 1 0 0 0 0 0 0 0 0 0 0 0 0 0 0 0 0 0 0 1 
0 0 0 0 0 0 0 0 0 0 0 0 0 0 0 0 0 0 0 0 0 0 0 0 0 0 0 0 0 0 0 0 0 0 0 0 0 0 0 0 0 0 0 0 0 0 0 0 0 0 0 0 0 0 0 0 0 0 0 0 
1 1 1 1 0 1 0 1 1 1 0 1 0 1 0 1 1 1 0 1 0 0 1 1 1 1 1 1 1 1 0 1 1 1 1 1 1 1 0 1 1 0 1 0 0 0 0 1 0 0 0 1 0 1 0 0 0 1 1 0 
0 0 0 0 0 0 0 0 0 0 0 0 0 0 0 0 0 0 0 0 0 0 0 0 0 0 0 0 0 0 0 1 1 0 0 0 0 0 0 0 0 0 0 0 0 0 0 0 0 0 0 0 0 0 0 0 0 0 0 0 
0 0 0 0 0 0 0 0 0 0 0 0 0 0 0 0 0 0 0 0 0 0 0 0 0 0 0 0 0 0 0 0 0 0 0 0 0 0 0 0 0 0 0 0 0 0 0 0 0 0 0 0 0 0 0 0 0 0 0 0 
1 1 1 1 0 1 0 1 1 1 0 1 0 1 0 1 1 1 0 1 0 0 1 1 1 1 1 1 1 1 0 1 1 1 1 1 1 1 0 1 1 0 1 0 0 0 0 1 0 0 0 1 0 0 0 0 0 1 1 0 
1 1 1 1 0 1 0 1 1 1 0 1 0 1 0 1 1 1 0 1 0 0 1 1 1 1 1 1 1 1 0 1 1 1 1 1 1 1 0 1 1 0 1 0 0 0 0 1 0 0 0 1 0 1 0 0 0 1 1 0 
1 1 1 1 0 1 0 1 1 1 0 1 0 1 0 1 1 1 0 1 0 0 1 1 1 1 1 1 1 1 0 1 1 1 1 1 1 1 0 1 1 0 1 0 0 0 0 1 0 0 0 1 0 1 0 0 0 1 1 0 
0 0 0 0 0 0 0 0 0 0 0 0 0 0 0 0 0 0 0 0 0 0 0 0 0 0 0 0 0 0 0 0 0 0 0 0 0 0 0 0 0 0 0 0 0 0 0 0 0 0 0 0 0 0 0 0 0 0 0 0 
0 0 0 0 0 0 0 0 0 0 0 0 0 0 0 0 0 0 0 0 0 0 0 0 0 0 0 0 0 0 0 0 0 0 0 0 0 0 0 0 0 0 0 0 0 0 0 0 0 0 0 0 0 0 0 0 0 0 0 0 
0 0 0 0 0 0 0 0 0 0 0 0 0 0 0 0 0 0 0 0 0 0 0 0 0 0 0 0 0 0 0 0 0 0 0 0 0 0 0 0 0 0 0 0 0 0 0 0 0 0 0 0 0 0 0 0 0 0 0 0 
0 0 0 0 0 0 0 0 0 0 0 0 0 0 0 0 0 0 0 0 0 0 0 0 0 0 0 0 0 0 0 0 0 0 0 0 0 0 0 0 1 0 0 0 0 0 0 0 0 0 0 0 0 0 0 0 0 0 0 0 
